Available,116.66666666666667,115.66666666666667,115.66666666666667,115.66666666666667,115.66666666666667,114.66666666666667,114.66666666666667,114.66666666666667,115.66666666666667,114.66666666666667,113.66666666666667,112.66666666666667,112.66666666666667,112.66666666666667,113.66666666666667,113.66666666666667,114.66666666666667,114.66666666666667,115.66666666666667,116.66666666666667,117.66666666666667,117.66666666666667,117.66666666666667,117.66666666666667,110.66666666666667,110.66666666666667,111.66666666666667,111.66666666666667,112.66666666666667,113.66666666666667,113.66666666666667,113.66666666666667,110.66666666666667,112.66666666666667,113.66666666666667,113.66666666666667,112.66666666666667,112.66666666666667,114.33333333333333,115.33333333333333,111.66666666666667,114.66666666666667,113.66666666666667,107.66666666666667,107.33333333333333,112.33333333333333,114.33333333333333,110.33333333333333,108.66666666666667,101.66666666666667,89.66666666666667,82.66666666666667,85.66666666666667,90.66666666666667,88.33333333333333,81.33333333333333,84.33333333333333,95.33333333333333,87.66666666666667,77.66666666666667,85.33333333333333,95.33333333333333,96.33333333333333,98.66666666666667,88.0,88.0,94.0,102.0,99.0,90.0,92.0,101.0,82.33333333333333,80.33333333333333,76.33333333333333,74.33333333333333,73.66666666666667,73.66666666666667,73.66666666666667,72.66666666666667,62.333333333333336,63.333333333333336,70.33333333333333,79.33333333333333,79.33333333333333,73.33333333333333,70.33333333333333,73.33333333333333,72.33333333333333,76.33333333333333,73.33333333333333,66.33333333333333,69.33333333333333,79.33333333333333,79.33333333333333,69.0,63.0,72.33333333333333,67.33333333333333,57.333333333333336,66.33333333333333,73.33333333333333,71.33333333333333,68.33333333333333,70.33333333333333,66.66666666666667,65.66666666666667,67.0,71.0,73.0,73.0,71.0,78.0,76.66666666666667,78.66666666666667,84.66666666666667,84.66666666666667,80.66666666666667,82.66666666666667,89.66666666666667,101.66666666666667,101.66666666666667,103.66666666666667,103.66666666666667,98.66666666666667,93.66666666666667,96.66666666666667,104.33333333333333,108.0,97.0,108.66666666666667,117.66666666666667,102.0,98.33333333333333,110.33333333333333,111.0,94.33333333333333,93.66666666666667,83.66666666666667,76.66666666666667,79.0,74.0,70.66666666666667,79.0,111.0,84.33333333333333,70.66666666666667,78.66666666666667,76.66666666666667,62.666666666666664,111.66666666666667,111.66666666666667,112.66666666666667,112.66666666666667,113.66666666666667,114.66666666666667,114.66666666666667,114.66666666666667,113.66666666666667,112.66666666666667,112.66666666666667,112.66666666666667,113.66666666666667,114.66666666666667,115.66666666666667,116.66666666666667,113.66666666666667,114.66666666666667,115.66666666666667,116.66666666666667,116.66666666666667,116.66666666666667,116.66666666666667,115.66666666666667,115.66666666666667,115.66666666666667,115.66666666666667,115.66666666666667,115.66666666666667,115.66666666666667,115.66666666666667,114.66666666666667,114.66666666666667,116.66666666666667,116.66666666666667,116.66666666666667,114.66666666666667,113.66666666666667,114.33333333333333,115.33333333333333,116.66666666666667,118.66666666666667,116.66666666666667,112.66666666666667,112.33333333333333,114.33333333333333,110.33333333333333,103.33333333333333,95.66666666666667,87.66666666666667,77.66666666666667,77.66666666666667,88.66666666666667,97.66666666666667,91.33333333333333,79.33333333333333,73.33333333333333,96.33333333333333,101.66666666666667,90.66666666666667,85.33333333333333,82.33333333333333,81.33333333333333,86.66666666666667,103.0,104.0,105.0,104.0,95.0,84.0,80.0,81.33333333333333,83.33333333333333,79.33333333333333,76.33333333333333,74.66666666666667,76.66666666666667,76.66666666666667,74.66666666666667,71.66666666666667,64.33333333333333,64.33333333333333,68.33333333333333,72.33333333333333,71.33333333333333,66.33333333333333,67.33333333333333,73.33333333333333,75.33333333333333,79.33333333333333,76.33333333333333,70.33333333333333,73.33333333333333,79.33333333333333,76.33333333333333,65.0,66.0,63.333333333333336,54.333333333333336,53.333333333333336,65.33333333333333,66.33333333333333,63.666666666666664,70.33333333333333,69.33333333333333,68.66666666666667,69.33333333333333,73.0,77.0,76.0,73.0,70.0,77.0,74.66666666666667,74.66666666666667,78.66666666666667,77.66666666666667,75.66666666666667,78.66666666666667,85.66666666666667,93.66666666666667,91.66666666666667,90.66666666666667,91.66666666666667,90.66666666666667,90.66666666666667,97.66666666666667,106.33333333333333,119.33333333333333,112.0,115.0,121.0,118.0,114.0,112.33333333333333,105.66666666666667,97.33333333333333,97.33333333333333,84.66666666666667,75.66666666666667,76.0,72.0,69.0,77.66666666666667,105.0,91.33333333333333,78.33333333333333,74.66666666666667,78.66666666666667,82.66666666666667,112.66666666666667,113.66666666666667,114.66666666666667,115.66666666666667,116.66666666666667,117.66666666666667,118.66666666666667,119.66666666666667,111.66666666666667,111.66666666666667,112.66666666666667,112.66666666666667,114.66666666666667,115.66666666666667,117.66666666666667,118.66666666666667,113.66666666666667,114.66666666666667,114.66666666666667,115.66666666666667,116.66666666666667,115.66666666666667,115.66666666666667,115.66666666666667,119.66666666666667,118.66666666666667,118.66666666666667,117.66666666666667,116.66666666666667,115.66666666666667,115.66666666666667,114.66666666666667,116.66666666666667,118.66666666666667,118.66666666666667,117.66666666666667,114.66666666666667,113.66666666666667,114.33333333333333,115.33333333333333,114.66666666666667,115.66666666666667,114.66666666666667,114.66666666666667,116.33333333333333,114.33333333333333,105.33333333333333,94.33333333333333,91.0,83.0,75.66666666666667,81.66666666666667,97.66666666666667,105.66666666666667,93.33333333333333,76.33333333333333,85.33333333333333,100.33333333333333,97.66666666666667,81.66666666666667,75.66666666666667,74.66666666666667,76.66666666666667,84.66666666666667,93.0,99.0,102.0,98.0,93.0,90.0,87.33333333333333,85.33333333333333,87.33333333333333,80.66666666666667,74.66666666666667,72.66666666666667,72.66666666666667,71.33333333333333,66.33333333333333,61.333333333333336,56.333333333333336,60.333333333333336,67.33333333333333,71.33333333333333,68.33333333333333,64.33333333333333,66.33333333333333,72.33333333333333,75.33333333333333,78.33333333333333,77.33333333333333,74.33333333333333,76.33333333333333,81.33333333333333,77.33333333333333,67.0,74.0,72.33333333333333,69.33333333333333,69.33333333333333,67.33333333333333,56.333333333333336,61.666666666666664,86.66666666666667,81.66666666666667,80.66666666666667,80.33333333333333,80.0,82.0,81.0,79.0,77.0,81.0,78.33333333333333,76.33333333333333,76.33333333333333,75.33333333333333,75.33333333333333,80.33333333333333,86.33333333333333,92.33333333333333,88.33333333333333,86.33333333333333,86.33333333333333,85.33333333333333,82.33333333333333,84.33333333333333,89.0,99.33333333333333,111.33333333333333,113.33333333333333,112.0,115.0,109.33333333333333,98.66666666666667,95.66666666666667,97.33333333333333,98.33333333333333,86.66666666666667,78.66666666666667,81.66666666666667,79.66666666666667,77.66666666666667,84.66666666666667,107.0,107.0,91.0,72.33333333333333,78.33333333333333,100.33333333333333,115.66666666666667,115.66666666666667,116.66666666666667,117.66666666666667,118.66666666666667,119.66666666666667,119.66666666666667,120.66666666666667,113.66666666666667,113.66666666666667,113.66666666666667,113.66666666666667,114.66666666666667,116.66666666666667,117.66666666666667,118.66666666666667,115.66666666666667,115.66666666666667,116.66666666666667,117.66666666666667,117.66666666666667,116.66666666666667,116.66666666666667,115.66666666666667,117.66666666666667,117.66666666666667,116.66666666666667,116.66666666666667,115.66666666666667,115.66666666666667,115.66666666666667,114.66666666666667,115.66666666666667,116.66666666666667,117.66666666666667,117.66666666666667,115.66666666666667,114.66666666666667,115.33333333333333,116.33333333333333,110.66666666666667,109.66666666666667,110.66666666666667,114.66666666666667,117.33333333333333,113.33333333333333,100.33333333333333,87.33333333333333,84.0,81.0,81.66666666666667,91.66666666666667,107.66666666666667,115.66666666666667,104.33333333333333,88.33333333333333,103.33333333333333,104.33333333333333,89.66666666666667,79.66666666666667,85.66666666666667,88.66666666666667,81.66666666666667,80.66666666666667,73.0,85.0,92.0,90.0,92.0,98.33333333333333,100.33333333333333,94.66666666666667,99.66666666666667,90.66666666666667,78.66666666666667,71.33333333333333,69.33333333333333,65.33333333333333,58.333333333333336,52.333333333333336,50.333333333333336,59.333333333333336,70.33333333333333,76.33333333333333,73.33333333333333,69.33333333333333,69.33333333333333,72.33333333333333,74.33333333333333,75.33333333333333,73.33333333333333,72.33333333333333,76.33333333333333,83.33333333333333,82.33333333333333,76.0,74.0,74.0,69.33333333333333,68.33333333333333,72.0,66.33333333333333,68.66666666666667,83.66666666666667,89.66666666666667,86.33333333333333,81.33333333333333,78.0,77.33333333333333,79.33333333333333,81.0,83.0,84.0,81.33333333333333,78.33333333333333,75.33333333333333,73.33333333333333,75.33333333333333,80.33333333333333,86.33333333333333,87.33333333333333,83.33333333333333,84.33333333333333,88.33333333333333,89.33333333333333,84.33333333333333,79.33333333333333,79.66666666666667,70.0,101.33333333333333,108.33333333333333,100.0,103.0,95.33333333333333,83.33333333333333,88.33333333333333,93.33333333333333,99.33333333333333,91.33333333333333,81.66666666666667,84.66666666666667,83.66666666666667,78.66666666666667,82.66666666666667,113.0,116.0,101.0,76.0,74.0,94.33333333333333,117.66666666666667,117.66666666666667,117.66666666666667,117.66666666666667,117.66666666666667,117.66666666666667,117.66666666666667,117.66666666666667,116.66666666666667,116.66666666666667,115.66666666666667,115.66666666666667,115.66666666666667,115.66666666666667,116.66666666666667,116.66666666666667,118.66666666666667,118.66666666666667,119.66666666666667,119.66666666666667,119.66666666666667,118.66666666666667,117.66666666666667,117.66666666666667,115.66666666666667,115.66666666666667,116.66666666666667,116.66666666666667,117.66666666666667,117.66666666666667,117.66666666666667,118.66666666666667,115.66666666666667,116.66666666666667,118.66666666666667,119.66666666666667,118.66666666666667,118.66666666666667,120.33333333333333,122.33333333333333,118.66666666666667,114.66666666666667,114.66666666666667,119.66666666666667,122.33333333333333,115.33333333333333,101.33333333333333,90.33333333333333,80.33333333333333,87.33333333333333,97.33333333333333,108.33333333333333,118.66666666666667,125.66666666666667,121.66666666666667,113.66666666666667,111.33333333333333,115.33333333333333,110.33333333333333,108.33333333333333,115.0,108.0,89.0,79.66666666666667,77.33333333333333,87.33333333333333,91.33333333333333,86.33333333333333,86.33333333333333,90.66666666666667,88.66666666666667,81.66666666666667,105.66666666666667,95.33333333333333,83.33333333333333,74.33333333333333,69.33333333333333,65.0,59.0,55.0,61.333333333333336,68.33333333333333,75.33333333333333,75.33333333333333,73.33333333333333,73.33333333333333,75.33333333333333,77.33333333333333,76.33333333333333,73.33333333333333,68.33333333333333,67.33333333333333,72.33333333333333,79.33333333333333,82.33333333333333,80.0,66.33333333333333,67.0,55.333333333333336,52.333333333333336,71.0,79.0,68.33333333333333,59.333333333333336,73.33333333333333,73.33333333333333,73.33333333333333,73.0,72.33333333333333,74.33333333333333,76.0,78.0,79.0,78.33333333333333,75.33333333333333,71.33333333333333,69.33333333333333,71.33333333333333,76.33333333333333,80.33333333333333,74.33333333333333,72.33333333333333,75.33333333333333,83.33333333333333,90.33333333333333,93.33333333333333,96.33333333333333,99.66666666666667,83.33333333333333,108.66666666666667,110.66666666666667,102.33333333333333,108.33333333333333,100.0,82.0,79.66666666666667,86.66666666666667,96.66666666666667,93.33333333333333,86.33333333333333,90.66666666666667,88.66666666666667,81.66666666666667,81.0,113.0,117.33333333333333,111.33333333333333,95.33333333333333,83.33333333333333,83.0,122.66666666666667,122.66666666666667,121.66666666666667,121.66666666666667,120.66666666666667,120.66666666666667,120.66666666666667,120.66666666666667,118.66666666666667,117.66666666666667,116.66666666666667,116.66666666666667,115.66666666666667,115.66666666666667,116.66666666666667,116.66666666666667,119.66666666666667,120.66666666666667,120.66666666666667,120.66666666666667,120.66666666666667,119.66666666666667,118.66666666666667,118.66666666666667,117.66666666666667,117.66666666666667,118.66666666666667,118.66666666666667,119.66666666666667,120.66666666666667,121.66666666666667,121.66666666666667,116.66666666666667,118.66666666666667,121.66666666666667,122.66666666666667,122.66666666666667,122.66666666666667,125.33333333333333,127.33333333333333,129.66666666666666,124.66666666666667,122.66666666666667,126.66666666666667,126.33333333333333,117.33333333333333,107.33333333333333,100.33333333333333,105.33333333333333,115.33333333333333,125.33333333333333,128.33333333333334,127.66666666666667,129.66666666666666,128.66666666666666,125.66666666666667,125.33333333333333,133.33333333333334,128.33333333333334,120.33333333333333,117.0,106.0,97.0,100.0,88.66666666666667,91.33333333333333,91.33333333333333,87.33333333333333,82.66666666666667,80.66666666666667,74.66666666666667,68.66666666666667,88.33333333333333,83.33333333333333,77.33333333333333,71.33333333333333,67.0,64.0,61.0,59.0,80.33333333333333,80.33333333333333,76.33333333333333,70.33333333333333,69.33333333333333,74.33333333333333,80.33333333333333,82.33333333333333,78.33333333333333,72.33333333333333,65.33333333333333,62.333333333333336,66.33333333333333,72.33333333333333,76.33333333333333,77.0,69.33333333333333,89.0,87.33333333333333,69.33333333333333,64.0,63.0,59.333333333333336,59.333333333333336,57.333333333333336,63.0,71.0,77.0,78.33333333333333,77.33333333333333,76.0,75.0,77.33333333333333,79.33333333333333,79.33333333333333,74.33333333333333,72.33333333333333,75.33333333333333,78.33333333333333,78.33333333333333,77.33333333333333,73.33333333333333,72.33333333333333,77.33333333333333,83.33333333333333,91.33333333333333,102.33333333333333,112.0,115.33333333333333,115.0,107.0,106.33333333333333,115.33333333333333,109.0,85.0,69.66666666666667,78.66666666666667,92.66666666666667,95.33333333333333,94.33333333333333,106.33333333333333,112.33333333333333,108.33333333333333,109.0,115.33333333333333,120.33333333333333,125.66666666666667,121.33333333333333,109.66666666666667,96.33333333333333,119.66666666666667,119.66666666666667,119.66666666666667,120.66666666666667,120.66666666666667,120.66666666666667,120.66666666666667,120.66666666666667,117.66666666666667,117.66666666666667,116.66666666666667,116.66666666666667,116.66666666666667,117.66666666666667,118.66666666666667,118.66666666666667,119.66666666666667,120.66666666666667,120.66666666666667,120.66666666666667,120.66666666666667,119.66666666666667,118.66666666666667,117.66666666666667,118.66666666666667,118.66666666666667,118.66666666666667,118.66666666666667,118.66666666666667,119.66666666666667,119.66666666666667,119.66666666666667,117.66666666666667,119.66666666666667,120.66666666666667,121.66666666666667,120.66666666666667,121.66666666666667,123.33333333333333,124.33333333333333,127.66666666666667,121.66666666666667,119.66666666666667,122.66666666666667,122.33333333333333,116.33333333333333,112.33333333333333,113.33333333333333,122.66666666666667,130.66666666666666,135.33333333333334,131.33333333333334,125.33333333333333,123.33333333333333,122.66666666666667,120.66666666666667,131.66666666666666,129.66666666666666,113.33333333333333,100.33333333333333,99.33333333333333,96.33333333333333,97.33333333333333,108.0,88.66666666666667,86.33333333333333,86.33333333333333,88.33333333333333,86.33333333333333,79.33333333333333,73.66666666666667,72.66666666666667,67.66666666666667,70.66666666666667,74.33333333333333,73.33333333333333,70.33333333333333,66.33333333333333,63.0,62.0,80.0,80.0,75.0,70.0,73.0,81.0,84.0,81.0,73.0,66.0,60.0,60.0,64.0,69.0,72.0,73.0,84.33333333333333,104.0,107.33333333333333,88.33333333333333,68.33333333333333,54.333333333333336,59.0,77.0,65.0,70.0,76.0,78.33333333333333,77.33333333333333,76.33333333333333,76.0,77.0,75.0,81.0,83.0,80.0,78.0,81.0,81.0,78.0,82.0,79.0,78.0,79.0,78.0,79.0,87.0,96.33333333333333,112.66666666666667,98.33333333333333,97.33333333333333,104.66666666666667,103.66666666666667,98.33333333333333,88.0,73.66666666666667,86.33333333333333,101.33333333333333,103.66666666666667,101.66666666666667,115.33333333333333,127.0,127.0,128.0,119.33333333333333,122.33333333333333,124.33333333333333,122.33333333333333,120.33333333333333,121.33333333333333,108.66666666666667,108.66666666666667,109.66666666666667,110.66666666666667,111.66666666666667,112.66666666666667,113.66666666666667,113.66666666666667,115.66666666666667,115.66666666666667,115.66666666666667,116.66666666666667,117.66666666666667,118.66666666666667,120.66666666666667,121.66666666666667,119.66666666666667,119.66666666666667,119.66666666666667,119.66666666666667,119.66666666666667,118.66666666666667,117.66666666666667,116.66666666666667,118.66666666666667,117.66666666666667,117.66666666666667,116.66666666666667,115.66666666666667,115.66666666666667,114.66666666666667,114.66666666666667,115.66666666666667,117.66666666666667,118.66666666666667,117.66666666666667,116.66666666666667,116.66666666666667,117.33333333333333,119.33333333333333,114.66666666666667,109.66666666666667,108.66666666666667,113.66666666666667,114.33333333333333,112.33333333333333,114.33333333333333,120.33333333333333,108.66666666666667,115.66666666666667,118.33333333333333,114.33333333333333,112.33333333333333,114.33333333333333,117.33333333333333,116.66666666666667,116.66666666666667,105.66666666666667,86.33333333333333,84.33333333333333,97.33333333333333,97.33333333333333,87.33333333333333,85.33333333333333,89.0,82.33333333333333,82.33333333333333,90.33333333333333,89.33333333333333,79.33333333333333,74.66666666666667,76.66666666666667,61.666666666666664,70.66666666666667,80.33333333333333,84.33333333333333,80.33333333333333,73.33333333333333,69.0,68.0,67.0,71.0,73.0,75.0,83.0,89.0,86.0,76.0,64.0,59.0,56.0,59.0,65.0,69.0,72.0,72.33333333333333,92.33333333333333,82.0,70.33333333333333,74.33333333333333,84.33333333333333,77.33333333333333,69.33333333333333,78.33333333333333,80.0,78.33333333333333,75.33333333333333,69.33333333333333,65.33333333333333,66.33333333333333,71.0,76.33333333333333,69.0,77.0,81.0,79.0,77.0,80.0,79.0,74.0,73.0,76.0,83.0,86.0,82.0,75.0,75.0,80.33333333333333,85.66666666666667,76.66666666666667,91.66666666666667,101.66666666666667,85.66666666666667,80.33333333333333,91.0,92.0,105.33333333333333,117.33333333333333,113.0,102.33333333333333,110.0,118.0,116.0,116.66666666666667,117.33333333333333,117.0,107.33333333333333,99.33333333333333,109.33333333333333,132.33333333333334,113.66666666666667,113.66666666666667,114.66666666666667,114.66666666666667,114.66666666666667,115.66666666666667,115.66666666666667,115.66666666666667,115.66666666666667,115.66666666666667,116.66666666666667,117.66666666666667,117.66666666666667,118.66666666666667,119.66666666666667,119.66666666666667,117.66666666666667,121.66666666666667,122.66666666666667,117.66666666666667,111.66666666666667,112.66666666666667,117.66666666666667,121.66666666666667,115.66666666666667,114.66666666666667,114.66666666666667,113.66666666666667,113.66666666666667,112.66666666666667,112.66666666666667,111.66666666666667,114.66666666666667,115.66666666666667,116.66666666666667,117.66666666666667,117.66666666666667,116.66666666666667,115.33333333333333,114.33333333333333,119.66666666666667,116.66666666666667,113.66666666666667,113.66666666666667,116.33333333333333,118.33333333333333,116.33333333333333,114.33333333333333,116.33333333333333,117.33333333333333,117.33333333333333,118.33333333333333,118.33333333333333,118.66666666666667,118.66666666666667,119.66666666666667,120.0,98.0,86.0,98.0,112.0,107.0,92.0,81.33333333333333,83.0,89.0,87.0,81.0,85.33333333333333,93.33333333333333,82.33333333333333,60.333333333333336,52.666666666666664,60.666666666666664,58.666666666666664,79.66666666666667,67.66666666666667,74.66666666666667,64.66666666666667,73.33333333333333,70.33333333333333,75.33333333333333,82.33333333333333,88.33333333333333,94.33333333333333,96.33333333333333,88.33333333333333,78.33333333333333,69.33333333333333,59.333333333333336,66.33333333333333,67.33333333333333,51.333333333333336,56.333333333333336,71.33333333333333,66.33333333333333,76.33333333333333,62.333333333333336,58.333333333333336,72.33333333333333,84.0,81.0,72.0,68.0,85.33333333333333,78.0,75.0,79.0,79.33333333333333,75.33333333333333,74.33333333333333,77.33333333333333,81.0,78.0,76.0,80.0,85.0,85.0,78.0,72.0,79.0,76.0,70.0,65.0,70.0,79.0,77.0,68.33333333333333,64.33333333333333,82.66666666666667,99.33333333333333,91.33333333333333,79.0,87.33333333333333,96.0,88.0,94.33333333333333,103.33333333333333,118.0,118.33333333333333,106.0,108.0,116.66666666666667,114.66666666666667,105.33333333333333,118.0,114.33333333333333,82.33333333333333,57.333333333333336,66.33333333333333,112.66666666666667,113.66666666666667,113.66666666666667,114.66666666666667,114.66666666666667,115.66666666666667,115.66666666666667,115.66666666666667,115.66666666666667,116.66666666666667,116.66666666666667,117.66666666666667,117.66666666666667,118.66666666666667,118.66666666666667,118.66666666666667,109.66666666666667,115.66666666666667,120.66666666666667,120.66666666666667,117.66666666666667,114.66666666666667,112.66666666666667,111.66666666666667,115.66666666666667,115.66666666666667,115.66666666666667,114.66666666666667,114.66666666666667,114.66666666666667,114.66666666666667,114.66666666666667,116.66666666666667,116.66666666666667,117.66666666666667,118.66666666666667,118.66666666666667,117.66666666666667,116.33333333333333,116.33333333333333,119.66666666666667,119.66666666666667,118.66666666666667,117.66666666666667,117.33333333333333,117.33333333333333,117.33333333333333,116.33333333333333,120.33333333333333,119.33333333333333,118.33333333333333,117.33333333333333,116.33333333333333,115.33333333333333,114.66666666666667,113.66666666666667,116.66666666666667,99.0,92.0,105.0,116.0,109.0,94.0,85.0,73.33333333333333,82.0,83.33333333333333,75.0,78.0,90.33333333333333,91.33333333333333,82.33333333333333,64.33333333333333,76.66666666666667,75.66666666666667,83.66666666666667,62.666666666666664,65.66666666666667,56.666666666666664,64.33333333333333,71.0,78.33333333333333,85.33333333333333,87.33333333333333,89.33333333333333,91.33333333333333,89.33333333333333,85.33333333333333,95.33333333333333,62.333333333333336,56.333333333333336,72.33333333333333,79.33333333333333,90.33333333333333,92.33333333333333,75.33333333333333,67.33333333333333,65.33333333333333,70.33333333333333,86.0,102.0,109.0,108.0,106.33333333333333,94.0,87.0,82.0,82.0,79.33333333333333,73.33333333333333,69.33333333333333,70.33333333333333,74.0,76.0,78.0,81.0,82.0,80.0,77.0,74.0,82.0,78.0,71.0,69.0,76.0,82.0,76.0,64.33333333333333,83.66666666666667,82.33333333333333,78.66666666666667,77.66666666666667,83.0,88.0,87.0,87.66666666666667,91.33333333333333,100.66666666666667,111.33333333333333,105.33333333333333,98.0,111.0,123.66666666666667,117.66666666666667,114.33333333333333,115.33333333333333,94.33333333333333,65.33333333333333,60.333333333333336,73.33333333333333,111.66666666666667,111.66666666666667,112.66666666666667,113.66666666666667,114.66666666666667,115.66666666666667,116.66666666666667,116.66666666666667,116.66666666666667,116.66666666666667,116.66666666666667,116.66666666666667,117.66666666666667,117.66666666666667,117.66666666666667,117.66666666666667,112.66666666666667,115.66666666666667,119.66666666666667,121.66666666666667,121.66666666666667,117.66666666666667,113.66666666666667,111.66666666666667,115.66666666666667,115.66666666666667,115.66666666666667,115.66666666666667,116.66666666666667,116.66666666666667,116.66666666666667,116.66666666666667,118.66666666666667,118.66666666666667,119.66666666666667,119.66666666666667,119.66666666666667,119.66666666666667,118.33333333333333,118.33333333333333,116.66666666666667,117.66666666666667,118.66666666666667,118.66666666666667,116.33333333333333,114.33333333333333,114.33333333333333,115.33333333333333,119.33333333333333,119.66666666666667,118.66666666666667,117.66666666666667,115.33333333333333,114.33333333333333,113.33333333333333,112.66666666666667,115.66666666666667,105.66666666666667,104.0,114.0,119.0,109.0,95.0,88.0,75.66666666666667,89.33333333333333,94.66666666666667,85.33333333333333,81.33333333333333,90.0,95.0,93.0,92.0,109.33333333333333,108.33333333333333,99.33333333333333,72.33333333333333,71.66666666666667,68.33333333333333,71.66666666666667,71.33333333333333,79.33333333333333,87.33333333333333,86.33333333333333,85.33333333333333,88.33333333333333,90.33333333333333,91.33333333333333,101.33333333333333,64.33333333333333,60.333333333333336,85.33333333333333,102.33333333333333,113.33333333333333,106.33333333333333,80.33333333333333,68.33333333333333,71.33333333333333,74.0,76.0,82.0,86.33333333333333,85.33333333333333,80.66666666666667,87.33333333333333,82.33333333333333,78.33333333333333,78.33333333333333,78.0,74.0,71.33333333333333,72.33333333333333,73.0,77.0,81.0,81.0,79.0,76.0,76.0,77.0,85.0,81.0,75.0,74.0,80.0,84.0,77.0,66.0,81.33333333333333,78.0,65.33333333333333,68.33333333333333,88.0,85.33333333333333,80.66666666666667,96.33333333333333,86.66666666666667,94.33333333333333,105.33333333333333,105.0,104.0,121.0,131.33333333333334,121.33333333333333,119.33333333333333,121.33333333333333,88.66666666666667,58.333333333333336,68.66666666666667,80.33333333333333,110.66666666666667,111.66666666666667,112.66666666666667,113.66666666666667,114.66666666666667,115.66666666666667,116.66666666666667,116.66666666666667,116.66666666666667,116.66666666666667,116.66666666666667,116.66666666666667,116.66666666666667,116.66666666666667,116.66666666666667,116.66666666666667,119.66666666666667,115.66666666666667,113.66666666666667,115.66666666666667,117.66666666666667,116.66666666666667,115.66666666666667,117.66666666666667,114.66666666666667,114.66666666666667,115.66666666666667,115.66666666666667,116.66666666666667,116.66666666666667,117.66666666666667,117.66666666666667,119.66666666666667,119.66666666666667,120.66666666666667,120.66666666666667,120.66666666666667,120.66666666666667,119.33333333333333,119.33333333333333,113.66666666666667,113.66666666666667,113.66666666666667,114.66666666666667,115.33333333333333,115.33333333333333,113.33333333333333,111.33333333333333,115.66666666666667,115.66666666666667,116.66666666666667,116.66666666666667,116.33333333333333,117.33333333333333,117.33333333333333,117.33333333333333,119.66666666666667,114.66666666666667,114.0,119.0,118.0,109.0,98.0,94.0,85.0,100.66666666666667,111.33333333333333,105.66666666666667,100.66666666666667,102.33333333333333,103.33333333333333,99.33333333333333,99.33333333333333,114.0,110.0,88.33333333333333,67.0,67.33333333333333,69.0,66.33333333333333,70.33333333333333,77.33333333333333,83.33333333333333,84.33333333333333,85.33333333333333,89.33333333333333,91.33333333333333,90.33333333333333,83.33333333333333,74.33333333333333,86.33333333333333,100.33333333333333,101.33333333333333,110.33333333333333,107.33333333333333,79.33333333333333,63.333333333333336,68.33333333333333,69.0,68.0,77.33333333333333,90.66666666666667,94.66666666666667,88.66666666666667,83.66666666666667,80.66666666666667,78.33333333333333,77.33333333333333,78.0,77.0,75.33333333333333,74.33333333333333,79.0,79.0,79.0,78.0,77.0,76.0,76.0,77.0,83.0,80.0,77.0,76.0,78.0,79.0,77.0,74.0,80.0,95.0,84.33333333333333,77.33333333333333,90.66666666666667,82.66666666666667,76.33333333333333,101.0,81.33333333333333,80.33333333333333,96.0,112.0,117.0,124.0,127.33333333333333,119.33333333333333,115.33333333333333,126.33333333333333,95.33333333333333,64.33333333333333,74.33333333333333,78.0,110.66666666666667,111.66666666666667,111.66666666666667,112.66666666666667,113.66666666666667,114.66666666666667,115.66666666666667,115.66666666666667,115.66666666666667,115.66666666666667,115.66666666666667,116.66666666666667,116.66666666666667,116.66666666666667,116.66666666666667,117.66666666666667,117.66666666666667,111.66666666666667,110.66666666666667,115.66666666666667,116.66666666666667,113.66666666666667,113.66666666666667,115.66666666666667,113.66666666666667,113.66666666666667,114.66666666666667,114.66666666666667,115.66666666666667,115.66666666666667,116.66666666666667,116.66666666666667,119.66666666666667,119.66666666666667,119.66666666666667,119.66666666666667,119.66666666666667,119.66666666666667,119.33333333333333,119.33333333333333,118.66666666666667,114.66666666666667,111.66666666666667,113.66666666666667,118.33333333333333,120.33333333333333,116.33333333333333,111.33333333333333,114.66666666666667,115.66666666666667,115.66666666666667,116.66666666666667,117.66666666666667,117.66666666666667,118.33333333333333,118.33333333333333,118.66666666666667,117.66666666666667,117.66666666666667,118.66666666666667,116.0,111.0,107.0,107.0,94.66666666666667,106.66666666666667,116.33333333333333,115.66666666666667,115.66666666666667,119.0,118.0,114.0,110.0,114.0,106.0,80.33333333333333,71.0,71.33333333333333,74.0,64.33333333333333,69.33333333333333,73.0,77.0,81.0,87.0,91.0,89.0,83.0,77.0,88.0,104.0,96.0,83.0,99.0,104.0,75.33333333333333,69.33333333333333,69.33333333333333,66.0,66.0,79.33333333333333,97.66666666666667,103.66666666666667,96.66666666666667,90.66666666666667,87.66666666666667,83.66666666666667,79.33333333333333,78.0,76.0,73.33333333333333,70.0,83.0,78.0,71.0,70.0,73.0,75.0,74.0,72.0,75.0,74.0,73.0,70.0,68.0,68.0,74.0,80.0,100.66666666666667,124.66666666666667,106.66666666666667,82.66666666666667,90.0,86.0,76.0,88.33333333333333,88.0,74.0,87.0,116.0,123.0,118.0,119.0,121.0,112.0,120.0,90.0,66.0,77.0,75.33333333333333,112.66666666666667,112.66666666666667,112.66666666666667,112.66666666666667,113.66666666666667,113.66666666666667,113.66666666666667,113.66666666666667,113.66666666666667,113.66666666666667,114.66666666666667,115.66666666666667,116.66666666666667,117.66666666666667,117.66666666666667,118.66666666666667,113.66666666666667,112.66666666666667,118.66666666666667,127.66666666666667,127.66666666666667,118.66666666666667,113.66666666666667,115.66666666666667,114.66666666666667,114.66666666666667,114.66666666666667,114.66666666666667,115.66666666666667,115.66666666666667,115.66666666666667,115.66666666666667,118.66666666666667,118.66666666666667,117.66666666666667,116.66666666666667,116.66666666666667,117.66666666666667,118.33333333333333,118.33333333333333,123.66666666666667,119.66666666666667,115.66666666666667,115.66666666666667,118.33333333333333,119.33333333333333,117.33333333333333,113.33333333333333,115.66666666666667,115.66666666666667,115.66666666666667,115.66666666666667,115.66666666666667,115.66666666666667,115.33333333333333,115.33333333333333,114.66666666666667,115.66666666666667,115.66666666666667,115.66666666666667,114.0,115.0,117.0,120.66666666666667,112.33333333333333,116.33333333333333,116.33333333333333,113.33333333333333,114.33333333333333,117.66666666666667,119.66666666666667,116.66666666666667,123.66666666666667,117.0,110.0,87.0,88.0,82.0,83.0,70.0,71.33333333333333,72.0,74.0,77.0,83.0,87.0,82.0,74.0,80.0,83.0,86.0,72.0,61.0,85.0,95.0,67.0,80.0,73.33333333333333,64.33333333333333,61.333333333333336,70.33333333333333,78.66666666666667,78.66666666666667,71.66666666666667,76.66666666666667,77.66666666666667,74.66666666666667,70.66666666666667,72.0,74.0,73.0,69.0,78.0,71.0,65.0,65.0,71.0,74.0,72.0,68.0,69.0,67.0,65.0,64.0,61.0,61.0,69.0,79.33333333333333,105.33333333333333,116.66666666666667,96.66666666666667,75.66666666666667,86.66666666666667,96.33333333333333,87.66666666666667,83.33333333333333,109.0,88.0,94.0,117.0,122.0,118.0,123.0,130.0,116.0,107.0,79.0,67.33333333333333,85.33333333333333,86.33333333333333,113.66666666666667,113.66666666666667,113.66666666666667,112.66666666666667,112.66666666666667,112.66666666666667,111.66666666666667,111.66666666666667,111.66666666666667,112.66666666666667,113.66666666666667,114.66666666666667,116.66666666666667,117.66666666666667,118.66666666666667,119.66666666666667,113.66666666666667,113.66666666666667,121.66666666666667,131.66666666666666,129.66666666666666,117.66666666666667,114.66666666666667,119.66666666666667,116.66666666666667,116.66666666666667,116.66666666666667,116.66666666666667,116.66666666666667,115.66666666666667,115.66666666666667,115.66666666666667,117.66666666666667,116.66666666666667,115.66666666666667,114.66666666666667,114.66666666666667,115.66666666666667,116.33333333333333,117.33333333333333,119.66666666666667,118.66666666666667,116.66666666666667,110.66666666666667,104.33333333333333,102.33333333333333,104.33333333333333,107.33333333333333,110.66666666666667,110.66666666666667,111.66666666666667,112.66666666666667,113.66666666666667,113.66666666666667,114.33333333333333,114.33333333333333,115.33333333333333,116.33333333333333,115.66666666666667,114.66666666666667,114.66666666666667,117.66666666666667,119.0,120.66666666666667,116.33333333333333,119.66666666666667,118.66666666666667,114.66666666666667,110.66666666666667,111.33333333333333,111.33333333333333,110.66666666666667,114.66666666666667,105.66666666666667,106.66666666666667,91.0,99.0,83.0,82.0,70.0,75.33333333333333,77.0,76.0,73.0,73.0,75.0,73.0,68.0,73.0,61.0,63.0,61.0,55.0,72.0,83.0,66.0,71.0,66.33333333333333,66.33333333333333,73.33333333333333,80.33333333333333,81.66666666666667,82.66666666666667,84.0,61.0,64.66666666666667,64.66666666666667,62.666666666666664,67.0,74.0,76.0,72.0,65.0,65.0,67.0,71.0,75.0,76.0,73.0,70.0,75.0,67.0,63.0,65.0,66.0,66.0,69.0,74.66666666666667,81.66666666666667,88.33333333333333,89.66666666666667,90.66666666666667,98.66666666666667,105.0,104.33333333333333,97.66666666666667,118.66666666666667,107.66666666666667,110.66666666666667,118.66666666666667,118.33333333333333,123.33333333333333,128.33333333333334,124.33333333333333,105.33333333333333,89.33333333333333,74.33333333333333,76.66666666666667,89.66666666666667,96.66666666666667,114.66666666666667,114.66666666666667,113.66666666666667,112.66666666666667,112.66666666666667,111.66666666666667,110.66666666666667,110.66666666666667,110.66666666666667,111.66666666666667,112.66666666666667,114.66666666666667,116.66666666666667,118.66666666666667,119.66666666666667,120.66666666666667,111.66666666666667,108.66666666666667,113.66666666666667,119.66666666666667,115.66666666666667,106.66666666666667,109.66666666666667,120.66666666666667,119.66666666666667,118.66666666666667,119.0,117.66666666666667,118.0,116.66666666666667,117.0,115.66666666666667,115.66666666666667,114.66666666666667,113.66666666666667,112.66666666666667,112.66666666666667,113.33333333333333,114.33333333333333,115.33333333333333,109.66666666666667,113.66666666666667,113.66666666666667,102.66666666666667,88.33333333333333,82.33333333333333,89.33333333333333,98.33333333333333,102.33333333333333,103.33333333333333,106.66666666666667,108.33333333333333,111.66666666666667,114.33333333333333,116.33333333333333,117.33333333333333,118.33333333333333,120.33333333333333,118.66666666666667,116.66666666666667,114.66666666666667,115.66666666666667,115.0,114.66666666666667,99.33333333333333,109.33333333333333,117.33333333333333,119.33333333333333,115.66666666666667,113.66666666666667,112.66666666666667,113.33333333333333,116.33333333333333,108.33333333333333,118.33333333333333,109.66666666666667,120.66666666666667,97.66666666666667,97.66666666666667,87.33333333333333,79.66666666666667,81.33333333333333,80.33333333333333,71.33333333333333,65.33333333333333,64.33333333333333,66.33333333333333,66.0,61.0,46.0,58.0,73.0,65.0,66.0,78.0,76.0,68.33333333333333,66.33333333333333,72.0,83.0,83.33333333333333,75.66666666666667,75.66666666666667,81.66666666666667,69.66666666666667,71.66666666666667,70.66666666666667,67.33333333333333,70.0,76.0,75.33333333333333,71.0,55.0,63.0,73.0,79.0,81.0,79.0,77.0,76.0,84.0,71.0,65.0,70.0,76.0,75.0,71.0,70.33333333333333,65.66666666666667,78.66666666666667,106.66666666666667,125.66666666666667,116.0,108.0,110.66666666666667,113.66666666666667,109.66666666666667,113.33333333333333,119.66666666666667,116.33333333333333,113.33333333333333,124.33333333333333,124.33333333333333,104.0,82.33333333333333,72.33333333333333,75.66666666666667,83.66666666666667,86.33333333333333,96.33333333333333,109.66666666666667,109.66666666666667,109.66666666666667,110.66666666666667,110.66666666666667,110.66666666666667,111.66666666666667,111.66666666666667,116.66666666666667,118.66666666666667,120.66666666666667,122.66666666666667,121.66666666666667,119.66666666666667,116.66666666666667,114.66666666666667,120.66666666666667,117.66666666666667,114.66666666666667,112.66666666666667,112.0,112.0,114.0,116.0,117.0,116.0,115.66666666666667,115.0,117.66666666666667,117.0,116.66666666666667,115.0,119.0,117.66666666666667,116.66666666666667,115.66666666666667,115.66666666666667,115.66666666666667,117.66666666666667,118.33333333333333,116.33333333333333,118.33333333333333,108.66666666666667,93.66666666666667,85.66666666666667,88.66666666666667,89.66666666666667,85.33333333333333,87.33333333333333,86.33333333333333,87.66666666666667,91.33333333333333,99.66666666666667,108.33333333333333,115.33333333333333,119.33333333333333,109.33333333333333,121.33333333333333,124.33333333333333,114.33333333333333,112.33333333333333,112.33333333333333,97.33333333333333,73.33333333333333,81.66666666666667,92.66666666666667,107.33333333333333,115.33333333333333,117.66666666666667,116.33333333333333,117.33333333333333,118.66666666666667,113.66666666666667,114.66666666666667,112.33333333333333,110.33333333333333,113.33333333333333,113.66666666666667,102.66666666666667,87.66666666666667,98.66666666666667,91.0,82.0,75.0,71.0,69.0,68.0,66.33333333333333,53.333333333333336,57.333333333333336,64.0,71.0,72.33333333333333,69.33333333333333,71.66666666666667,77.33333333333333,73.0,80.0,70.0,88.0,68.0,60.333333333333336,94.33333333333333,56.333333333333336,61.333333333333336,67.33333333333333,72.33333333333333,71.0,70.0,69.0,67.0,63.333333333333336,48.0,63.0,76.0,77.0,75.0,75.0,71.0,66.0,90.0,78.0,70.0,72.0,75.0,74.0,72.0,74.33333333333333,75.0,76.0,91.0,115.0,123.0,114.0,111.0,119.0,124.0,115.33333333333333,115.0,115.33333333333333,115.33333333333333,118.33333333333333,108.33333333333333,84.33333333333333,70.0,64.33333333333333,62.0,70.0,92.0,115.0,111.66666666666667,111.66666666666667,111.66666666666667,112.66666666666667,112.66666666666667,112.66666666666667,113.66666666666667,113.66666666666667,114.66666666666667,115.66666666666667,117.66666666666667,117.66666666666667,117.66666666666667,115.66666666666667,113.66666666666667,112.66666666666667,119.66666666666667,118.66666666666667,117.66666666666667,116.66666666666667,116.0,116.0,115.0,115.0,118.66666666666667,116.66666666666667,115.66666666666667,115.66666666666667,117.66666666666667,117.66666666666667,116.66666666666667,114.0,119.0,117.66666666666667,117.0,115.66666666666667,115.66666666666667,116.66666666666667,118.66666666666667,119.33333333333333,114.33333333333333,113.33333333333333,102.66666666666667,88.66666666666667,83.66666666666667,88.66666666666667,93.66666666666667,93.33333333333333,87.33333333333333,81.0,74.0,71.0,75.0,86.0,98.0,105.0,107.0,109.0,112.0,114.0,108.0,100.0,97.0,98.0,93.66666666666667,101.33333333333333,111.66666666666667,116.33333333333333,115.66666666666667,114.33333333333333,114.66666666666667,115.66666666666667,118.0,116.66666666666667,111.66666666666667,108.33333333333333,113.33333333333333,118.66666666666667,115.66666666666667,105.66666666666667,92.33333333333333,88.66666666666667,83.66666666666667,78.66666666666667,73.0,66.0,58.0,53.0,47.333333333333336,50.333333333333336,60.0,70.0,73.33333333333333,70.33333333333333,67.66666666666667,69.66666666666667,70.0,81.0,73.0,73.0,59.0,63.0,88.0,61.0,66.0,71.0,74.0,70.0,67.0,65.0,62.0,57.333333333333336,69.0,77.0,80.0,75.0,70.0,70.0,70.0,69.0,74.0,66.0,63.0,67.0,71.0,71.0,73.0,76.33333333333333,73.33333333333333,69.33333333333333,80.33333333333333,105.33333333333333,118.33333333333333,113.33333333333333,111.33333333333333,117.33333333333333,115.33333333333333,109.33333333333333,110.33333333333333,113.33333333333333,113.33333333333333,116.33333333333333,107.33333333333333,86.33333333333333,71.33333333333333,62.333333333333336,68.0,91.0,114.0,121.0,113.66666666666667,113.66666666666667,113.66666666666667,113.66666666666667,114.66666666666667,114.66666666666667,115.66666666666667,115.66666666666667,114.66666666666667,114.66666666666667,114.66666666666667,114.66666666666667,114.66666666666667,113.66666666666667,113.66666666666667,112.66666666666667,117.66666666666667,118.66666666666667,119.66666666666667,119.66666666666667,119.0,118.0,116.0,114.0,119.0,117.0,116.0,116.0,117.66666666666667,117.66666666666667,115.66666666666667,114.66666666666667,117.33333333333333,117.0,117.33333333333333,117.0,117.0,117.66666666666667,118.66666666666667,119.66666666666667,116.33333333333333,113.33333333333333,103.66666666666667,93.66666666666667,89.0,90.0,92.0,91.66666666666667,92.33333333333333,90.0,87.0,86.0,88.0,94.0,100.0,105.0,91.0,86.0,93.0,106.0,96.0,76.0,78.0,99.0,107.66666666666667,111.66666666666667,116.33333333333333,116.33333333333333,113.66666666666667,112.33333333333333,112.66666666666667,114.66666666666667,115.66666666666667,113.66666666666667,109.66666666666667,108.33333333333333,112.66666666666667,116.33333333333333,113.33333333333333,106.66666666666667,88.33333333333333,85.66666666666667,82.66666666666667,80.66666666666667,76.33333333333333,71.33333333333333,64.0,60.0,58.333333333333336,57.333333333333336,63.0,72.0,77.33333333333333,75.33333333333333,72.66666666666667,72.66666666666667,65.0,77.0,72.0,55.0,47.0,59.0,69.0,61.0,73.0,78.0,80.0,75.0,71.0,69.0,66.0,62.333333333333336,68.0,73.0,73.0,68.0,64.0,66.0,68.0,69.0,59.0,58.0,59.0,65.0,70.0,72.0,75.0,80.33333333333333,76.33333333333333,69.33333333333333,74.33333333333333,96.33333333333333,110.33333333333333,110.33333333333333,110.33333333333333,114.33333333333333,113.33333333333333,107.33333333333333,110.33333333333333,113.33333333333333,109.33333333333333,108.33333333333333,99.33333333333333,79.33333333333333,79.33333333333333,69.33333333333333,79.0,109.0,129.0,124.0,113.66666666666667,113.66666666666667,113.66666666666667,114.66666666666667,114.66666666666667,114.66666666666667,115.66666666666667,115.66666666666667,117.66666666666667,116.66666666666667,114.66666666666667,113.66666666666667,113.66666666666667,113.66666666666667,114.66666666666667,115.66666666666667,116.66666666666667,116.66666666666667,116.66666666666667,116.66666666666667,117.0,116.0,115.0,114.0,120.0,118.0,116.0,116.0,117.66666666666667,117.66666666666667,115.66666666666667,114.66666666666667,116.0,115.33333333333333,115.33333333333333,116.33333333333333,117.33333333333333,117.0,118.0,118.66666666666667,121.33333333333333,116.33333333333333,110.66666666666667,105.0,100.0,94.0,89.0,87.66666666666667,93.66666666666667,101.0,111.0,118.0,119.0,115.0,109.0,105.0,98.0,95.0,105.0,120.0,110.0,88.0,87.0,106.0,115.33333333333333,116.33333333333333,116.33333333333333,114.66666666666667,112.33333333333333,111.33333333333333,113.66666666666667,115.66666666666667,114.66666666666667,114.33333333333333,113.33333333333333,112.66666666666667,113.33333333333333,108.66666666666667,100.33333333333333,90.66666666666667,89.66666666666667,85.66666666666667,81.66666666666667,79.66666666666667,80.33333333333333,82.33333333333333,84.0,84.0,76.33333333333333,70.33333333333333,68.0,73.0,76.33333333333333,75.33333333333333,73.66666666666667,73.66666666666667,60.0,65.0,65.0,47.0,45.0,52.0,50.0,62.0,74.0,79.0,81.0,77.0,74.0,74.0,72.0,69.33333333333333,69.0,73.0,76.0,74.0,71.0,68.0,66.0,65.0,51.0,54.0,59.0,64.0,67.0,69.0,73.0,76.33333333333333,76.0,69.33333333333333,72.33333333333333,86.33333333333333,95.33333333333333,95.33333333333333,97.33333333333333,103.33333333333333,105.33333333333333,101.33333333333333,106.33333333333333,110.33333333333333,104.33333333333333,101.33333333333333,94.33333333333333,79.33333333333333,87.33333333333333,85.33333333333333,94.0,111.0,122.0,120.0,111.66666666666667,112.66666666666667,112.66666666666667,112.66666666666667,113.66666666666667,113.66666666666667,113.66666666666667,114.66666666666667,117.66666666666667,115.66666666666667,113.66666666666667,112.66666666666667,111.66666666666667,112.66666666666667,114.66666666666667,115.66666666666667,116.0,115.0,113.0,111.0,111.0,112.0,114.0,115.0,120.0,118.0,117.0,117.0,118.0,118.0,116.0,115.66666666666667,114.66666666666667,114.66666666666667,115.66666666666667,115.0,116.0,115.66666666666667,115.66666666666667,115.33333333333333,120.66666666666667,110.66666666666667,103.33333333333333,102.66666666666667,100.66666666666667,94.33333333333333,92.33333333333333,95.33333333333333,99.66666666666667,105.66666666666667,113.66666666666667,116.66666666666667,112.66666666666667,103.66666666666667,95.66666666666667,90.66666666666667,94.66666666666667,96.66666666666667,103.66666666666667,110.66666666666667,109.66666666666667,103.66666666666667,106.66666666666667,114.0,113.33333333333333,113.66666666666667,112.66666666666667,112.33333333333333,111.33333333333333,113.33333333333333,116.66666666666667,119.66666666666667,119.33333333333333,114.66666666666667,111.33333333333333,109.66666666666667,107.33333333333333,100.0,91.33333333333333,86.33333333333333,91.33333333333333,88.33333333333333,84.33333333333333,83.33333333333333,84.33333333333333,85.33333333333333,86.0,86.0,77.33333333333333,72.33333333333333,69.33333333333333,72.33333333333333,72.0,66.0,60.0,57.0,54.333333333333336,52.333333333333336,57.333333333333336,54.333333333333336,56.333333333333336,54.333333333333336,49.333333333333336,70.33333333333333,70.33333333333333,76.33333333333333,78.33333333333333,74.33333333333333,71.33333333333333,71.33333333333333,68.33333333333333,65.33333333333333,84.0,84.0,83.0,81.0,75.0,68.0,63.0,61.0,53.0,57.0,61.0,63.0,64.0,66.0,67.0,68.33333333333333,68.66666666666667,68.0,74.0,82.0,83.0,80.0,84.0,93.0,91.0,89.0,98.0,105.0,99.0,96.0,94.0,85.0,82.33333333333333,98.33333333333333,110.0,109.0,109.0,115.0,110.66666666666667,110.66666666666667,111.66666666666667,111.66666666666667,111.66666666666667,112.66666666666667,112.66666666666667,112.66666666666667,114.66666666666667,113.66666666666667,111.66666666666667,110.66666666666667,109.66666666666667,110.66666666666667,111.66666666666667,112.66666666666667,117.0,115.0,112.0,110.0,110.0,112.0,114.0,116.0,119.0,117.0,116.0,116.66666666666667,118.0,118.66666666666667,118.0,117.0,115.66666666666667,116.33333333333333,116.66666666666667,116.66666666666667,116.0,116.0,114.66666666666667,113.33333333333333,116.66666666666667,99.33333333333333,87.66666666666667,90.33333333333333,92.33333333333333,89.0,94.0,105.0,114.33333333333333,113.66666666666667,109.66666666666667,99.66666666666667,89.66666666666667,82.66666666666667,80.66666666666667,82.66666666666667,74.66666666666667,76.66666666666667,76.66666666666667,75.66666666666667,83.66666666666667,98.66666666666667,110.66666666666667,115.66666666666667,110.66666666666667,110.66666666666667,111.33333333333333,111.33333333333333,113.33333333333333,115.33333333333333,117.66666666666667,119.33333333333333,112.66666666666667,103.33333333333333,93.66666666666667,90.33333333333333,88.0,85.33333333333333,85.66666666666667,88.66666666666667,91.66666666666667,90.33333333333333,89.66666666666667,87.33333333333333,84.66666666666667,78.33333333333333,70.0,64.0,67.33333333333333,67.33333333333333,71.33333333333333,76.33333333333333,73.0,60.0,48.0,43.0,53.333333333333336,51.333333333333336,56.333333333333336,68.33333333333333,70.33333333333333,65.33333333333333,70.33333333333333,75.33333333333333,71.33333333333333,77.33333333333333,79.33333333333333,76.33333333333333,72.33333333333333,69.33333333333333,65.33333333333333,61.0,73.33333333333333,69.0,67.0,67.0,65.0,61.0,61.0,64.0,66.0,70.0,70.0,69.0,70.0,73.0,73.0,70.66666666666667,71.66666666666667,77.0,86.0,91.0,88.0,83.0,86.0,93.0,91.0,88.0,96.0,100.0,88.0,80.0,79.0,75.0,71.33333333333333,97.33333333333333,114.0,108.0,105.0,112.0,110.66666666666667,110.66666666666667,111.66666666666667,111.66666666666667,111.66666666666667,112.66666666666667,112.66666666666667,112.66666666666667,113.66666666666667,113.66666666666667,112.66666666666667,111.66666666666667,111.66666666666667,111.66666666666667,111.66666666666667,111.66666666666667,117.0,116.0,115.0,115.0,115.0,116.0,116.66666666666667,116.66666666666667,116.66666666666667,115.66666666666667,114.66666666666667,116.33333333333333,118.66666666666667,119.33333333333333,119.66666666666667,118.66666666666667,118.66666666666667,119.33333333333333,119.66666666666667,119.66666666666667,118.0,117.0,114.66666666666667,113.33333333333333,116.66666666666667,96.33333333333333,84.66666666666667,89.33333333333333,89.33333333333333,81.0,81.0,91.0,107.33333333333333,109.66666666666667,108.66666666666667,101.66666666666667,90.66666666666667,82.66666666666667,79.66666666666667,80.66666666666667,77.66666666666667,76.66666666666667,73.66666666666667,71.66666666666667,79.66666666666667,95.66666666666667,111.66666666666667,121.66666666666667,112.66666666666667,111.66666666666667,113.33333333333333,114.33333333333333,115.33333333333333,116.33333333333333,115.33333333333333,115.33333333333333,96.66666666666667,86.33333333333333,76.33333333333333,74.0,72.66666666666667,72.66666666666667,78.0,86.0,94.66666666666667,93.33333333333333,90.66666666666667,87.33333333333333,81.66666666666667,73.33333333333333,63.333333333333336,56.333333333333336,63.333333333333336,64.33333333333333,68.33333333333333,72.33333333333333,67.33333333333333,56.333333333333336,49.333333333333336,47.333333333333336,58.0,67.0,64.0,78.0,73.0,75.0,95.0,65.0,68.0,75.0,80.0,78.0,74.0,71.0,66.0,60.0,51.333333333333336,49.666666666666664,53.666666666666664,61.666666666666664,66.66666666666667,65.66666666666667,66.66666666666667,70.66666666666667,76.66666666666667,77.66666666666667,75.66666666666667,73.66666666666667,76.66666666666667,82.66666666666667,80.66666666666667,74.66666666666667,85.66666666666667,91.0,100.0,105.0,102.0,94.0,89.0,90.0,91.0,86.0,93.0,94.0,76.0,65.0,66.0,64.0,69.33333333333333,87.33333333333333,102.0,105.0,107.0,111.0,111.66666666666667,111.66666666666667,111.66666666666667,112.66666666666667,112.66666666666667,112.66666666666667,113.66666666666667,113.66666666666667,115.66666666666667,115.66666666666667,115.66666666666667,115.66666666666667,114.66666666666667,114.66666666666667,113.66666666666667,113.66666666666667,117.0,118.0,120.0,120.0,121.0,120.0,118.66666666666667,117.66666666666667,115.66666666666667,114.33333333333333,114.33333333333333,116.33333333333333,118.33333333333333,120.33333333333333,120.33333333333333,119.33333333333333,121.0,121.66666666666667,122.66666666666667,121.0,120.0,117.66666666666667,115.33333333333333,113.66666666666667,120.33333333333333,100.66666666666667,93.33333333333333,99.0,94.0,73.33333333333333,62.333333333333336,65.33333333333333,77.33333333333333,90.66666666666667,105.66666666666667,111.66666666666667,104.66666666666667,92.66666666666667,80.66666666666667,74.66666666666667,81.66666666666667,77.66666666666667,77.66666666666667,79.66666666666667,81.66666666666667,85.66666666666667,98.66666666666667,112.66666666666667,115.33333333333333,114.66666666666667,116.33333333333333,117.33333333333333,117.33333333333333,116.33333333333333,113.33333333333333,110.66666666666667,86.33333333333333,77.66666666666667,74.33333333333333,75.33333333333333,74.66666666666667,72.0,74.33333333333333,81.33333333333333,99.0,94.66666666666667,88.66666666666667,83.66666666666667,79.66666666666667,75.66666666666667,71.66666666666667,68.33333333333333,61.333333333333336,59.333333333333336,59.333333333333336,59.333333333333336,54.333333333333336,50.333333333333336,52.333333333333336,58.333333333333336,64.0,83.0,73.0,80.0,67.0,77.0,107.0,49.0,57.0,66.0,73.0,73.0,71.0,69.0,64.0,58.333333333333336,55.333333333333336,56.666666666666664,66.66666666666667,81.66666666666667,86.66666666666667,80.66666666666667,74.66666666666667,73.66666666666667,73.66666666666667,73.66666666666667,69.66666666666667,67.66666666666667,73.66666666666667,81.66666666666667,80.66666666666667,72.66666666666667,93.66666666666667,97.0,103.0,108.0,106.0,95.0,84.0,77.0,76.0,73.0,82.0,86.0,71.0,63.0,68.0,71.0,76.33333333333333,78.33333333333333,87.0,99.0,107.0,108.0,111.66666666666667,113.66666666666667,115.66666666666667,115.66666666666667,113.66666666666667,112.66666666666667,112.66666666666667,113.66666666666667,117.66666666666667,117.66666666666667,116.66666666666667,115.66666666666667,114.66666666666667,114.66666666666667,114.66666666666667,114.66666666666667,116.0,118.66666666666667,120.0,120.0,118.0,117.0,117.66666666666667,118.66666666666667,119.33333333333333,117.33333333333333,117.33333333333333,117.66666666666667,120.66666666666667,121.66666666666667,120.66666666666667,119.66666666666667,117.33333333333333,119.0,119.0,119.33333333333333,119.33333333333333,118.33333333333333,115.66666666666667,114.0,119.66666666666667,107.33333333333333,94.33333333333333,84.66666666666667,77.66666666666667,70.33333333333333,69.33333333333333,72.33333333333333,79.33333333333333,73.33333333333333,82.33333333333333,93.33333333333333,89.33333333333333,85.33333333333333,86.33333333333333,82.33333333333333,68.33333333333333,76.33333333333333,87.33333333333333,94.33333333333333,97.33333333333333,101.33333333333333,108.33333333333333,114.66666666666667,119.33333333333333,113.33333333333333,109.66666666666667,112.66666666666667,118.66666666666667,117.66666666666667,108.66666666666667,98.33333333333333,93.33333333333333,81.33333333333333,75.0,76.66666666666667,80.66666666666667,78.0,75.33333333333333,76.33333333333333,85.33333333333333,91.33333333333333,82.33333333333333,87.33333333333333,81.33333333333333,67.0,72.66666666666667,67.66666666666667,55.333333333333336,60.333333333333336,65.0,64.0,53.0,43.0,44.0,52.0,64.33333333333333,68.66666666666667,73.66666666666667,78.66666666666667,76.66666666666667,67.66666666666667,52.666666666666664,41.666666666666664,50.666666666666664,68.66666666666667,79.66666666666667,76.66666666666667,71.66666666666667,71.66666666666667,66.66666666666667,57.333333333333336,54.333333333333336,72.66666666666667,85.66666666666667,85.66666666666667,81.66666666666667,84.66666666666667,89.66666666666667,91.66666666666667,68.66666666666667,92.66666666666667,85.66666666666667,63.666666666666664,58.666666666666664,56.666666666666664,60.666666666666664,79.66666666666667,75.66666666666667,81.66666666666667,86.66666666666667,85.66666666666667,76.66666666666667,69.66666666666667,69.66666666666667,74.66666666666667,67.66666666666667,71.66666666666667,71.66666666666667,67.66666666666667,66.66666666666667,70.66666666666667,69.66666666666667,64.66666666666667,62.333333333333336,68.33333333333333,75.0,82.0,94.0,105.0,111.66666666666667,113.66666666666667,115.66666666666667,114.66666666666667,113.66666666666667,112.66666666666667,112.66666666666667,113.66666666666667,115.66666666666667,115.66666666666667,114.66666666666667,113.66666666666667,113.66666666666667,113.66666666666667,113.66666666666667,114.66666666666667,116.66666666666667,118.66666666666667,119.0,119.0,118.0,117.0,116.66666666666667,118.33333333333333,118.33333333333333,115.66666666666667,115.66666666666667,116.66666666666667,118.66666666666667,119.33333333333333,118.33333333333333,117.33333333333333,115.66666666666667,117.33333333333333,118.33333333333333,116.66666666666667,114.66666666666667,113.0,116.0,117.66666666666667,114.33333333333333,101.66666666666667,90.66666666666667,85.33333333333333,81.33333333333333,76.33333333333333,73.66666666666667,76.33333333333333,80.66666666666667,74.33333333333333,78.33333333333333,84.33333333333333,79.33333333333333,75.33333333333333,76.33333333333333,75.33333333333333,67.33333333333333,72.33333333333333,81.33333333333333,92.33333333333333,103.33333333333333,110.33333333333333,113.33333333333333,113.33333333333333,116.66666666666667,119.66666666666667,122.33333333333333,119.33333333333333,113.33333333333333,108.33333333333333,107.33333333333333,106.66666666666667,98.66666666666667,87.33333333333333,78.0,75.66666666666667,75.66666666666667,72.0,71.33333333333333,75.0,70.0,85.66666666666667,83.66666666666667,88.33333333333333,82.33333333333333,69.33333333333333,73.0,60.666666666666664,62.666666666666664,63.333333333333336,67.0,69.0,63.0,54.0,50.0,51.0,66.33333333333333,67.66666666666667,70.66666666666667,73.66666666666667,71.66666666666667,64.66666666666667,53.666666666666664,45.666666666666664,58.666666666666664,71.66666666666667,78.66666666666667,72.66666666666667,68.66666666666667,69.66666666666667,64.66666666666667,56.666666666666664,46.333333333333336,56.666666666666664,64.66666666666667,62.666666666666664,62.666666666666664,69.66666666666667,78.66666666666667,82.66666666666667,92.66666666666667,92.66666666666667,75.66666666666667,66.66666666666667,73.66666666666667,65.66666666666667,56.666666666666664,66.66666666666667,64.66666666666667,66.66666666666667,62.666666666666664,57.666666666666664,59.666666666666664,66.66666666666667,68.66666666666667,64.66666666666667,66.66666666666667,69.66666666666667,69.66666666666667,65.66666666666667,66.66666666666667,71.66666666666667,72.66666666666667,69.66666666666667,74.33333333333333,67.33333333333333,62.0,68.0,87.0,105.0,111.66666666666667,113.66666666666667,114.66666666666667,113.66666666666667,112.66666666666667,111.66666666666667,112.66666666666667,114.66666666666667,113.66666666666667,112.66666666666667,112.66666666666667,111.66666666666667,112.66666666666667,112.66666666666667,113.66666666666667,114.66666666666667,116.66666666666667,118.66666666666667,119.0,118.0,116.0,116.0,116.66666666666667,117.33333333333333,116.33333333333333,114.66666666666667,113.66666666666667,115.33333333333333,117.33333333333333,116.66666666666667,114.66666666666667,113.66666666666667,112.66666666666667,113.0,113.0,110.0,107.0,108.0,112.0,115.33333333333333,99.33333333333333,88.66666666666667,79.66666666666667,78.66666666666667,78.66666666666667,75.33333333333333,73.33333333333333,72.66666666666667,74.66666666666667,68.66666666666667,66.66666666666667,66.66666666666667,64.66666666666667,63.666666666666664,65.66666666666667,68.66666666666667,70.66666666666667,69.66666666666667,74.66666666666667,86.66666666666667,101.66666666666667,109.66666666666667,106.66666666666667,100.66666666666667,82.33333333333333,91.33333333333333,103.66666666666667,112.66666666666667,115.66666666666667,116.66666666666667,115.66666666666667,116.66666666666667,90.66666666666667,82.33333333333333,73.0,66.66666666666667,63.666666666666664,62.0,64.33333333333333,70.0,64.0,89.0,90.0,88.0,78.66666666666667,71.33333333333333,74.33333333333333,58.0,63.666666666666664,62.333333333333336,64.33333333333333,68.33333333333333,66.33333333333333,58.333333333333336,50.0,47.333333333333336,55.666666666666664,55.666666666666664,58.666666666666664,61.666666666666664,64.66666666666667,65.66666666666667,64.66666666666667,62.666666666666664,66.66666666666667,73.66666666666667,74.66666666666667,69.66666666666667,67.66666666666667,70.66666666666667,66.66666666666667,59.666666666666664,57.333333333333336,59.666666666666664,57.666666666666664,52.666666666666664,52.666666666666664,58.666666666666664,64.66666666666667,66.66666666666667,84.66666666666667,73.66666666666667,60.666666666666664,65.66666666666667,76.66666666666667,66.66666666666667,57.666666666666664,66.66666666666667,62.333333333333336,64.33333333333333,61.333333333333336,55.333333333333336,59.333333333333336,69.33333333333333,71.33333333333333,64.33333333333333,60.333333333333336,65.33333333333333,68.33333333333333,68.33333333333333,68.33333333333333,70.33333333333333,68.33333333333333,64.66666666666667,68.33333333333333,66.33333333333333,65.0,71.0,90.0,108.0,111.66666666666667,112.66666666666667,113.66666666666667,112.66666666666667,111.66666666666667,111.66666666666667,113.66666666666667,115.66666666666667,112.66666666666667,112.66666666666667,111.66666666666667,111.66666666666667,112.66666666666667,113.66666666666667,114.66666666666667,115.66666666666667,116.66666666666667,118.66666666666667,118.0,117.0,115.0,113.66666666666667,115.66666666666667,116.33333333333333,113.66666666666667,112.66666666666667,112.33333333333333,112.66666666666667,114.66666666666667,113.66666666666667,111.66666666666667,109.33333333333333,110.66666666666667,107.66666666666667,106.33333333333333,103.66666666666667,102.66666666666667,102.66666666666667,101.66666666666667,100.66666666666667,89.66666666666667,80.66666666666667,73.66666666666667,75.66666666666667,78.33333333333333,75.33333333333333,71.33333333333333,69.33333333333333,74.66666666666667,74.66666666666667,67.66666666666667,64.66666666666667,69.66666666666667,71.66666666666667,74.66666666666667,82.66666666666667,76.66666666666667,72.66666666666667,70.66666666666667,77.66666666666667,86.66666666666667,90.66666666666667,85.66666666666667,79.66666666666667,80.33333333333333,81.33333333333333,89.0,104.33333333333333,116.33333333333333,114.66666666666667,96.66666666666667,80.33333333333333,75.33333333333333,72.0,66.33333333333333,60.666666666666664,57.666666666666664,59.0,64.0,70.0,68.0,101.0,102.0,89.0,74.66666666666667,71.66666666666667,78.33333333333333,61.333333333333336,63.666666666666664,61.333333333333336,62.666666666666664,65.33333333333333,63.333333333333336,55.333333333333336,50.0,50.333333333333336,49.666666666666664,48.666666666666664,48.666666666666664,50.666666666666664,54.666666666666664,59.666666666666664,64.66666666666667,67.66666666666667,67.66666666666667,70.66666666666667,70.66666666666667,67.66666666666667,68.66666666666667,71.66666666666667,69.66666666666667,63.666666666666664,65.66666666666667,62.666666666666664,58.666666666666664,55.666666666666664,56.666666666666664,58.666666666666664,58.666666666666664,57.666666666666664,56.666666666666664,61.666666666666664,65.66666666666667,67.66666666666667,65.66666666666667,59.666666666666664,62.666666666666664,72.66666666666667,63.333333333333336,62.333333333333336,64.33333333333333,67.33333333333333,67.33333333333333,63.333333333333336,60.333333333333336,58.333333333333336,56.333333333333336,61.333333333333336,66.33333333333333,70.33333333333333,70.33333333333333,68.33333333333333,63.333333333333336,58.333333333333336,58.333333333333336,71.33333333333333,83.0,86.0,88.0,95.0,110.66666666666667,111.66666666666667,112.66666666666667,111.66666666666667,110.66666666666667,111.66666666666667,113.66666666666667,115.66666666666667,113.66666666666667,112.66666666666667,112.66666666666667,112.66666666666667,113.66666666666667,114.66666666666667,115.66666666666667,116.66666666666667,117.66666666666667,117.66666666666667,117.66666666666667,116.66666666666667,113.0,112.66666666666667,114.66666666666667,116.33333333333333,112.66666666666667,111.66666666666667,111.33333333333333,112.66666666666667,112.66666666666667,111.33333333333333,108.33333333333333,104.66666666666667,107.66666666666667,101.33333333333333,98.0,97.33333333333333,99.33333333333333,96.33333333333333,89.0,81.0,90.0,82.33333333333333,77.33333333333333,79.33333333333333,80.33333333333333,76.33333333333333,71.33333333333333,69.33333333333333,63.666666666666664,69.66666666666667,61.666666666666664,56.666666666666664,66.66666666666667,68.66666666666667,67.66666666666667,77.66666666666667,76.66666666666667,72.66666666666667,69.66666666666667,68.66666666666667,68.66666666666667,68.66666666666667,66.66666666666667,63.333333333333336,77.66666666666667,75.66666666666667,80.33333333333333,94.33333333333333,107.0,105.33333333333333,88.33333333333333,71.33333333333333,71.33333333333333,71.0,68.33333333333333,63.666666666666664,61.666666666666664,64.0,67.0,70.0,63.0,103.0,111.33333333333333,97.0,78.0,73.0,81.33333333333333,64.33333333333333,67.66666666666667,66.33333333333333,66.66666666666667,65.33333333333333,60.666666666666664,53.666666666666664,54.666666666666664,60.666666666666664,57.666666666666664,55.333333333333336,50.333333333333336,46.333333333333336,45.333333333333336,47.333333333333336,52.333333333333336,55.333333333333336,64.33333333333333,66.33333333333333,66.33333333333333,65.33333333333333,67.33333333333333,68.33333333333333,65.33333333333333,60.666666666666664,55.666666666666664,54.666666666666664,55.666666666666664,62.666666666666664,67.66666666666667,67.66666666666667,61.666666666666664,57.666666666666664,56.666666666666664,72.66666666666667,82.66666666666667,73.66666666666667,62.666666666666664,67.66666666666667,73.66666666666667,68.66666666666667,89.33333333333333,69.33333333333333,64.33333333333333,79.33333333333333,87.33333333333333,75.33333333333333,64.33333333333333,64.33333333333333,61.333333333333336,61.333333333333336,62.333333333333336,65.33333333333333,67.33333333333333,68.33333333333333,69.33333333333333,70.33333333333333,93.33333333333333,104.33333333333333,112.0,107.0,100.0,99.0,110.66666666666667,111.66666666666667,111.66666666666667,110.66666666666667,109.66666666666667,110.66666666666667,113.66666666666667,116.66666666666667,114.66666666666667,113.66666666666667,113.66666666666667,113.66666666666667,113.66666666666667,114.66666666666667,115.66666666666667,115.66666666666667,117.66666666666667,117.66666666666667,117.66666666666667,114.66666666666667,112.0,111.66666666666667,113.66666666666667,115.33333333333333,111.66666666666667,111.33333333333333,110.66666666666667,111.66666666666667,112.33333333333333,110.33333333333333,106.33333333333333,102.33333333333333,103.0,96.33333333333333,93.33333333333333,93.33333333333333,93.33333333333333,89.0,78.0,69.33333333333333,85.33333333333333,80.0,76.0,77.33333333333333,74.33333333333333,68.33333333333333,65.33333333333333,65.66666666666667,61.666666666666664,76.66666666666667,67.66666666666667,60.666666666666664,73.66666666666667,71.66666666666667,61.666666666666664,70.66666666666667,73.66666666666667,73.66666666666667,71.66666666666667,68.66666666666667,64.66666666666667,62.666666666666664,61.666666666666664,62.333333333333336,63.666666666666664,66.66666666666667,73.66666666666667,80.66666666666667,87.33333333333333,90.0,90.0,89.33333333333333,73.0,73.0,69.33333333333333,64.33333333333333,61.666666666666664,64.66666666666667,64.66666666666667,62.333333333333336,49.0,95.0,112.33333333333333,104.33333333333333,84.0,74.0,81.66666666666667,68.33333333333333,66.66666666666667,64.33333333333333,63.666666666666664,61.333333333333336,55.666666666666664,50.666666666666664,54.666666666666664,61.666666666666664,56.666666666666664,55.333333333333336,52.333333333333336,47.333333333333336,45.333333333333336,46.333333333333336,50.333333333333336,54.333333333333336,60.333333333333336,61.333333333333336,61.333333333333336,61.333333333333336,61.333333333333336,61.333333333333336,61.333333333333336,60.666666666666664,68.0,65.66666666666667,69.66666666666667,78.66666666666667,82.66666666666667,76.66666666666667,66.66666666666667,59.666666666666664,67.66666666666667,76.66666666666667,83.66666666666667,74.66666666666667,69.66666666666667,85.66666666666667,86.66666666666667,62.666666666666664,105.33333333333333,73.33333333333333,56.333333333333336,72.33333333333333,89.33333333333333,85.33333333333333,73.33333333333333,68.33333333333333,70.33333333333333,63.333333333333336,58.333333333333336,59.333333333333336,63.333333333333336,69.33333333333333,79.33333333333333,89.33333333333333,112.33333333333333,108.33333333333333,101.0,95.0,99.0,105.0,110.66666666666667,110.66666666666667,110.66666666666667,109.66666666666667,109.66666666666667,110.66666666666667,114.66666666666667,117.66666666666667,114.66666666666667,113.66666666666667,112.66666666666667,112.66666666666667,111.66666666666667,112.66666666666667,112.66666666666667,113.66666666666667,117.66666666666667,117.66666666666667,116.66666666666667,113.66666666666667,111.0,110.66666666666667,112.66666666666667,114.33333333333333,112.66666666666667,111.33333333333333,111.66666666666667,112.66666666666667,112.33333333333333,110.33333333333333,105.0,99.66666666666667,95.66666666666667,94.66666666666667,93.66666666666667,90.66666666666667,84.66666666666667,78.66666666666667,73.33333333333333,71.0,78.0,75.33333333333333,74.0,72.0,66.33333333333333,59.333333333333336,58.666666666666664,61.666666666666664,74.66666666666667,96.66666666666667,90.66666666666667,83.66666666666667,98.66666666666667,90.66666666666667,72.66666666666667,78.66666666666667,76.66666666666667,78.66666666666667,79.66666666666667,79.66666666666667,76.66666666666667,73.66666666666667,69.66666666666667,68.33333333333333,74.66666666666667,75.0,77.0,80.66666666666667,82.66666666666667,82.33333333333333,79.0,75.0,79.0,77.0,69.0,60.333333333333336,59.666666666666664,64.66666666666667,63.666666666666664,59.0,51.333333333333336,94.0,110.33333333333333,103.33333333333333,81.0,69.0,82.66666666666667,79.33333333333333,65.66666666666667,61.333333333333336,58.666666666666664,58.333333333333336,56.666666666666664,52.666666666666664,52.666666666666664,55.666666666666664,52.666666666666664,54.333333333333336,54.333333333333336,53.333333333333336,52.333333333333336,54.333333333333336,58.333333333333336,62.333333333333336,55.333333333333336,57.333333333333336,58.333333333333336,59.333333333333336,59.333333333333336,62.333333333333336,69.33333333333333,75.66666666666667,96.0,92.33333333333333,93.33333333333333,99.33333333333333,99.33333333333333,89.33333333333333,79.33333333333333,74.33333333333333,84.33333333333333,80.33333333333333,84.33333333333333,82.33333333333333,76.33333333333333,87.33333333333333,86.33333333333333,60.333333333333336,74.33333333333333,68.33333333333333,61.333333333333336,58.333333333333336,61.333333333333336,64.33333333333333,62.333333333333336,57.333333333333336,69.33333333333333,63.333333333333336,61.333333333333336,64.33333333333333,67.33333333333333,69.33333333333333,75.33333333333333,83.33333333333333,75.33333333333333,70.33333333333333,64.0,62.0,71.0,80.0,110.66666666666667,110.66666666666667,110.66666666666667,109.66666666666667,108.66666666666667,110.66666666666667,114.66666666666667,117.66666666666667,113.66666666666667,113.66666666666667,112.66666666666667,110.66666666666667,110.66666666666667,110.66666666666667,110.66666666666667,110.66666666666667,118.0,117.66666666666667,116.66666666666667,113.66666666666667,110.0,110.0,112.66666666666667,114.33333333333333,112.66666666666667,112.33333333333333,111.66666666666667,112.66666666666667,112.33333333333333,108.66666666666667,104.33333333333333,99.33333333333333,90.66666666666667,93.33333333333333,96.0,89.0,78.66666666666667,71.66666666666667,73.33333333333333,78.0,77.33333333333333,76.33333333333333,76.0,73.33333333333333,65.33333333333333,57.333333333333336,58.333333333333336,64.66666666666667,59.666666666666664,86.66666666666667,82.66666666666667,77.66666666666667,93.66666666666667,83.66666666666667,60.666666666666664,65.66666666666667,84.66666666666667,85.66666666666667,87.66666666666667,90.66666666666667,90.66666666666667,85.66666666666667,77.66666666666667,71.33333333333333,69.0,64.33333333333333,69.0,85.0,104.66666666666667,108.66666666666667,94.66666666666667,79.66666666666667,87.66666666666667,82.33333333333333,71.66666666666667,61.333333333333336,63.0,71.0,72.0,65.66666666666667,66.0,101.0,108.0,97.0,72.0,62.333333333333336,84.0,92.66666666666667,71.0,63.666666666666664,58.666666666666664,62.666666666666664,65.66666666666667,62.333333333333336,57.333333333333336,55.333333333333336,60.333333333333336,62.666666666666664,63.666666666666664,61.666666666666664,57.666666666666664,56.666666666666664,58.666666666666664,60.666666666666664,52.666666666666664,54.666666666666664,57.666666666666664,59.666666666666664,61.666666666666664,68.33333333333333,82.66666666666667,95.66666666666667,108.33333333333333,102.33333333333333,102.33333333333333,108.33333333333333,108.33333333333333,101.33333333333333,96.33333333333333,96.33333333333333,106.33333333333333,94.33333333333333,100.33333333333333,98.33333333333333,78.33333333333333,73.0,73.33333333333333,58.0,55.333333333333336,87.33333333333333,102.33333333333333,79.33333333333333,56.333333333333336,57.333333333333336,67.33333333333333,68.33333333333333,62.333333333333336,61.333333333333336,66.33333333333333,74.33333333333333,74.33333333333333,67.33333333333333,62.333333333333336,63.666666666666664,58.333333333333336,65.33333333333333,71.0,69.0,67.0,69.0,108.33333333333333,108.33333333333333,109.33333333333333,110.33333333333333,110.33333333333333,111.33333333333333,112.33333333333333,112.33333333333333,112.33333333333333,111.33333333333333,109.33333333333333,108.33333333333333,109.33333333333333,112.33333333333333,116.33333333333333,119.66666666666667,117.0,115.33333333333333,114.0,114.0,115.0,116.0,114.0,113.0,110.33333333333333,109.66666666666667,110.0,112.33333333333333,113.66666666666667,110.33333333333333,103.33333333333333,95.33333333333333,89.0,101.0,107.33333333333333,97.66666666666667,77.66666666666667,67.33333333333333,73.33333333333333,82.0,81.0,77.0,74.0,71.0,65.0,59.0,58.0,62.333333333333336,69.33333333333333,81.0,70.0,54.0,61.0,69.0,60.0,49.0,53.0,62.0,84.0,102.0,92.0,69.0,65.0,77.33333333333333,66.0,68.33333333333333,94.33333333333333,118.33333333333333,129.33333333333334,149.33333333333334,153.33333333333334,129.66666666666666,128.66666666666666,103.0,88.66666666666667,75.0,73.0,64.66666666666667,54.666666666666664,79.0,118.66666666666667,102.0,83.66666666666667,107.66666666666667,101.0,87.33333333333333,107.66666666666667,86.0,62.0,77.33333333333333,75.33333333333333,61.666666666666664,50.666666666666664,42.0,44.0,57.333333333333336,69.66666666666667,75.0,80.0,98.0,108.0,78.0,54.0,68.0,61.333333333333336,55.333333333333336,58.333333333333336,67.33333333333333,67.33333333333333,65.66666666666667,82.33333333333333,106.33333333333333,111.0,101.0,98.0,103.0,100.0,94.0,99.0,114.0,114.33333333333333,106.33333333333333,91.33333333333333,77.33333333333333,67.33333333333333,65.66666666666667,71.33333333333333,76.0,100.33333333333333,98.33333333333333,87.33333333333333,71.33333333333333,62.333333333333336,62.333333333333336,59.666666666666664,54.666666666666664,62.666666666666664,54.666666666666664,58.333333333333336,70.33333333333333,70.33333333333333,63.333333333333336,71.33333333333333,88.33333333333333,95.33333333333333,77.33333333333333,63.333333333333336,64.33333333333333,70.0,69.0,108.33333333333333,108.33333333333333,109.33333333333333,110.33333333333333,110.33333333333333,111.33333333333333,112.33333333333333,112.33333333333333,111.33333333333333,110.33333333333333,109.33333333333333,109.33333333333333,110.33333333333333,113.33333333333333,115.33333333333333,117.33333333333333,116.33333333333333,113.33333333333333,112.0,112.0,113.0,114.0,113.66666666666667,111.0,114.33333333333333,112.33333333333333,108.0,106.33333333333333,106.66666666666667,108.0,108.33333333333333,107.33333333333333,111.33333333333333,111.0,107.0,95.66666666666667,83.33333333333333,75.66666666666667,75.0,75.0,80.66666666666667,74.66666666666667,69.66666666666667,66.66666666666667,62.666666666666664,59.0,64.0,71.33333333333333,64.33333333333333,80.0,90.0,94.0,86.0,62.0,49.0,59.0,58.0,71.0,90.0,99.0,87.0,70.0,70.0,82.33333333333333,102.0,91.33333333333333,92.33333333333333,89.33333333333333,84.33333333333333,103.33333333333333,118.0,107.0,111.0,90.66666666666667,102.66666666666667,122.66666666666667,122.33333333333333,89.33333333333333,67.33333333333333,99.33333333333333,104.0,94.66666666666667,85.33333333333333,117.0,110.0,89.33333333333333,105.66666666666667,88.0,60.333333333333336,57.333333333333336,49.666666666666664,57.0,76.33333333333333,77.33333333333333,66.0,63.666666666666664,69.33333333333333,78.66666666666667,86.66666666666667,100.66666666666667,113.66666666666667,106.66666666666667,87.0,79.0,71.0,69.0,60.0,55.0,65.33333333333333,84.33333333333333,93.33333333333333,90.33333333333333,118.0,94.0,75.0,73.0,72.0,63.0,57.0,58.0,70.33333333333333,71.33333333333333,71.33333333333333,70.33333333333333,69.66666666666667,71.66666666666667,75.66666666666667,80.0,103.33333333333333,99.66666666666667,86.33333333333333,69.33333333333333,60.333333333333336,61.333333333333336,63.666666666666664,63.666666666666664,57.666666666666664,51.666666666666664,59.333333333333336,82.33333333333333,94.33333333333333,81.33333333333333,59.333333333333336,45.333333333333336,98.33333333333333,88.33333333333333,78.33333333333333,76.33333333333333,78.33333333333333,79.33333333333333,108.33333333333333,108.33333333333333,109.33333333333333,110.33333333333333,110.33333333333333,111.33333333333333,112.33333333333333,112.33333333333333,109.33333333333333,109.33333333333333,109.33333333333333,110.33333333333333,111.33333333333333,113.33333333333333,115.33333333333333,116.33333333333333,115.33333333333333,113.33333333333333,110.33333333333333,110.33333333333333,111.66666666666667,112.66666666666667,111.0,110.0,112.33333333333333,110.66666666666667,108.0,105.33333333333333,102.66666666666667,104.0,107.33333333333333,109.33333333333333,125.66666666666667,111.0,96.66666666666667,89.66666666666667,89.66666666666667,88.33333333333333,82.0,75.66666666666667,79.33333333333333,71.33333333333333,64.33333333333333,60.666666666666664,59.666666666666664,61.0,70.0,80.33333333333333,68.33333333333333,85.66666666666667,96.66666666666667,96.66666666666667,83.66666666666667,56.666666666666664,46.666666666666664,58.666666666666664,63.666666666666664,78.66666666666667,91.66666666666667,89.66666666666667,77.66666666666667,69.66666666666667,73.66666666666667,81.33333333333333,93.66666666666667,90.66666666666667,90.0,81.0,71.33333333333333,81.33333333333333,90.66666666666667,82.0,88.0,78.0,96.66666666666667,116.66666666666667,118.66666666666667,93.66666666666667,75.66666666666667,107.33333333333333,86.66666666666667,85.33333333333333,82.0,116.0,109.0,80.33333333333333,95.66666666666667,87.0,83.33333333333333,80.33333333333333,77.66666666666667,90.0,109.33333333333333,106.0,95.0,97.66666666666667,72.33333333333333,76.66666666666667,82.66666666666667,84.66666666666667,93.0,109.0,101.0,73.0,68.0,75.0,75.0,65.0,61.333333333333336,74.33333333333333,92.33333333333333,102.33333333333333,115.0,95.0,78.0,78.0,83.0,84.0,84.0,86.0,64.33333333333333,66.33333333333333,67.66666666666667,67.66666666666667,66.66666666666667,66.66666666666667,67.66666666666667,70.0,107.33333333333333,102.66666666666667,87.33333333333333,67.33333333333333,53.333333333333336,52.333333333333336,56.666666666666664,59.666666666666664,59.666666666666664,53.666666666666664,54.333333333333336,66.33333333333333,82.33333333333333,85.33333333333333,71.33333333333333,55.333333333333336,88.33333333333333,89.33333333333333,86.33333333333333,81.33333333333333,78.33333333333333,80.33333333333333,109.33333333333333,109.33333333333333,109.33333333333333,110.33333333333333,110.33333333333333,111.33333333333333,111.33333333333333,111.33333333333333,108.33333333333333,109.33333333333333,109.33333333333333,111.33333333333333,112.33333333333333,113.33333333333333,114.33333333333333,114.33333333333333,115.33333333333333,113.33333333333333,111.33333333333333,110.33333333333333,111.66666666666667,112.0,111.0,108.66666666666667,107.33333333333333,108.66666666666667,110.0,106.33333333333333,99.66666666666667,95.33333333333333,96.0,96.0,111.66666666666667,93.66666666666667,78.66666666666667,81.33333333333333,91.33333333333333,94.0,86.66666666666667,78.66666666666667,74.33333333333333,67.33333333333333,61.333333333333336,59.333333333333336,59.333333333333336,61.666666666666664,71.66666666666667,81.66666666666667,88.66666666666667,101.66666666666667,89.66666666666667,64.66666666666667,58.666666666666664,62.666666666666664,59.666666666666664,56.666666666666664,68.66666666666667,81.66666666666667,86.66666666666667,78.66666666666667,70.66666666666667,71.66666666666667,72.66666666666667,71.33333333333333,66.66666666666667,74.66666666666667,82.0,83.0,82.33333333333333,88.33333333333333,85.66666666666667,73.66666666666667,69.0,74.0,86.0,82.66666666666667,88.66666666666667,90.66666666666667,74.66666666666667,84.33333333333333,86.66666666666667,90.33333333333333,83.0,111.0,102.33333333333333,69.0,83.33333333333333,83.66666666666667,96.0,91.33333333333333,88.0,97.66666666666667,112.33333333333333,106.0,101.0,111.66666666666667,104.33333333333333,95.66666666666667,93.66666666666667,85.66666666666667,80.0,98.0,101.0,73.0,68.0,66.0,73.0,80.0,68.33333333333333,57.333333333333336,76.33333333333333,110.33333333333333,107.0,101.0,92.0,84.0,77.0,76.0,82.0,89.0,75.33333333333333,72.33333333333333,66.66666666666667,60.666666666666664,56.666666666666664,57.666666666666664,61.666666666666664,66.0,90.33333333333333,87.66666666666667,78.33333333333333,64.33333333333333,53.333333333333336,50.333333333333336,52.666666666666664,57.666666666666664,64.66666666666667,67.66666666666667,62.333333333333336,53.333333333333336,55.333333333333336,69.33333333333333,81.33333333333333,85.33333333333333,74.33333333333333,83.33333333333333,85.33333333333333,78.33333333333333,73.33333333333333,75.33333333333333,109.33333333333333,109.33333333333333,110.33333333333333,110.33333333333333,110.33333333333333,110.33333333333333,111.33333333333333,111.33333333333333,108.33333333333333,108.33333333333333,109.33333333333333,110.33333333333333,111.33333333333333,113.33333333333333,113.33333333333333,114.33333333333333,117.0,115.0,111.66666666666667,110.66666666666667,112.0,112.0,111.0,109.33333333333333,109.33333333333333,108.0,105.0,98.0,88.66666666666667,83.33333333333333,82.0,83.33333333333333,91.33333333333333,77.33333333333333,69.66666666666667,75.33333333333333,83.0,82.0,75.66666666666667,71.33333333333333,65.66666666666667,61.666666666666664,58.666666666666664,59.666666666666664,58.666666666666664,59.333333333333336,66.33333333333333,74.33333333333333,100.66666666666667,107.66666666666667,87.66666666666667,58.666666666666664,55.666666666666664,65.66666666666667,68.66666666666667,68.66666666666667,73.66666666666667,81.66666666666667,81.66666666666667,73.66666666666667,71.66666666666667,75.66666666666667,71.66666666666667,61.333333333333336,66.66666666666667,72.66666666666667,70.66666666666667,69.66666666666667,79.66666666666667,88.66666666666667,84.33333333333333,75.33333333333333,66.33333333333333,73.0,85.0,85.0,99.0,102.0,71.0,61.0,95.0,104.66666666666667,92.0,111.0,103.33333333333333,67.0,74.33333333333333,72.66666666666667,87.0,73.33333333333333,60.0,71.66666666666667,100.33333333333333,108.0,104.0,108.66666666666667,113.33333333333333,98.33333333333333,96.66666666666667,90.66666666666667,73.66666666666667,74.66666666666667,79.33333333333333,65.33333333333333,73.33333333333333,58.333333333333336,58.0,74.0,74.0,60.0,61.333333333333336,78.0,80.33333333333333,80.33333333333333,74.33333333333333,66.33333333333333,60.333333333333336,62.333333333333336,67.0,70.0,64.0,61.0,56.333333333333336,52.333333333333336,51.333333333333336,55.333333333333336,62.666666666666664,68.33333333333333,61.333333333333336,62.666666666666664,63.333333333333336,62.333333333333336,60.333333333333336,60.333333333333336,63.666666666666664,67.66666666666667,66.66666666666667,80.66666666666667,84.33333333333333,70.33333333333333,59.333333333333336,61.333333333333336,66.33333333333333,67.33333333333333,69.33333333333333,77.33333333333333,81.33333333333333,78.33333333333333,73.33333333333333,72.33333333333333,110.33333333333333,110.33333333333333,110.33333333333333,110.33333333333333,110.33333333333333,110.33333333333333,110.33333333333333,110.33333333333333,108.33333333333333,108.33333333333333,108.33333333333333,109.33333333333333,110.33333333333333,112.33333333333333,113.33333333333333,114.33333333333333,117.66666666666667,115.0,112.66666666666667,111.66666666666667,111.66666666666667,111.66666666666667,110.33333333333333,108.33333333333333,116.66666666666667,109.0,97.0,84.33333333333333,76.33333333333333,74.66666666666667,78.0,82.0,82.33333333333333,72.66666666666667,70.33333333333333,74.0,73.0,63.666666666666664,57.333333333333336,57.333333333333336,59.666666666666664,57.666666666666664,58.666666666666664,61.666666666666664,60.666666666666664,58.666666666666664,61.666666666666664,67.33333333333333,86.33333333333333,88.66666666666667,83.66666666666667,78.66666666666667,73.66666666666667,62.666666666666664,63.666666666666664,81.66666666666667,79.66666666666667,82.66666666666667,79.66666666666667,73.66666666666667,72.66666666666667,75.66666666666667,70.66666666666667,61.666666666666664,62.333333333333336,70.66666666666667,65.66666666666667,63.666666666666664,80.66666666666667,87.66666666666667,78.0,69.33333333333333,76.33333333333333,63.333333333333336,70.66666666666667,84.0,106.0,101.0,66.0,62.0,91.0,109.0,89.0,98.33333333333333,96.0,64.33333333333333,64.66666666666667,55.0,57.333333333333336,57.666666666666664,53.0,55.666666666666664,74.0,85.0,91.0,101.0,94.0,86.33333333333333,90.66666666666667,92.66666666666667,76.66666666666667,60.666666666666664,58.333333333333336,59.333333333333336,63.333333333333336,69.33333333333333,74.0,72.0,65.0,58.0,54.333333333333336,54.333333333333336,61.333333333333336,57.333333333333336,51.333333333333336,51.333333333333336,65.33333333333333,81.33333333333333,82.0,74.0,67.0,66.33333333333333,65.33333333333333,62.333333333333336,58.333333333333336,56.333333333333336,55.666666666666664,57.333333333333336,62.333333333333336,60.666666666666664,60.333333333333336,64.33333333333333,65.33333333333333,64.33333333333333,64.66666666666667,66.66666666666667,70.66666666666667,79.66666666666667,84.33333333333333,78.33333333333333,72.33333333333333,69.33333333333333,61.333333333333336,51.333333333333336,69.33333333333333,68.33333333333333,71.33333333333333,74.33333333333333,73.33333333333333,68.33333333333333,110.33333333333333,110.33333333333333,110.33333333333333,110.33333333333333,110.33333333333333,110.33333333333333,110.33333333333333,110.33333333333333,109.33333333333333,108.33333333333333,107.33333333333333,107.33333333333333,108.33333333333333,111.33333333333333,114.33333333333333,116.33333333333333,116.66666666666667,113.66666666666667,110.66666666666667,109.66666666666667,110.33333333333333,110.33333333333333,108.33333333333333,106.66666666666667,115.33333333333333,104.66666666666667,91.0,79.33333333333333,75.33333333333333,76.66666666666667,80.0,83.0,81.0,74.0,72.0,74.66666666666667,67.66666666666667,55.333333333333336,50.333333333333336,54.666666666666664,63.0,63.0,65.0,69.0,69.0,66.0,67.0,71.66666666666667,70.33333333333333,71.33333333333333,69.33333333333333,75.33333333333333,82.33333333333333,75.33333333333333,71.33333333333333,82.33333333333333,79.33333333333333,80.33333333333333,78.33333333333333,73.33333333333333,67.33333333333333,66.33333333333333,67.33333333333333,67.33333333333333,58.666666666666664,75.66666666666667,74.33333333333333,71.66666666666667,86.66666666666667,86.66666666666667,69.66666666666667,64.66666666666667,73.66666666666667,57.0,54.333333333333336,61.333333333333336,86.33333333333333,93.33333333333333,65.33333333333333,62.0,88.0,106.0,72.0,70.0,76.33333333333333,60.0,63.666666666666664,51.0,35.333333333333336,54.666666666666664,60.0,50.666666666666664,53.0,60.0,67.66666666666667,79.0,95.66666666666667,100.66666666666667,98.66666666666667,95.66666666666667,88.33333333333333,71.33333333333333,64.33333333333333,72.33333333333333,65.0,77.0,89.0,86.0,69.33333333333333,56.333333333333336,56.333333333333336,63.333333333333336,70.33333333333333,66.33333333333333,55.333333333333336,47.333333333333336,57.0,72.0,73.0,61.0,73.33333333333333,75.33333333333333,75.33333333333333,72.66666666666667,67.66666666666667,63.666666666666664,60.666666666666664,60.333333333333336,85.33333333333333,73.66666666666667,64.33333333333333,62.333333333333336,61.333333333333336,58.333333333333336,55.666666666666664,57.666666666666664,72.66666666666667,73.66666666666667,72.33333333333333,70.33333333333333,69.33333333333333,69.33333333333333,68.33333333333333,66.33333333333333,72.33333333333333,60.333333333333336,59.333333333333336,71.33333333333333,75.33333333333333,65.33333333333333,110.33333333333333,110.33333333333333,110.33333333333333,110.33333333333333,110.33333333333333,110.33333333333333,110.33333333333333,110.33333333333333,110.33333333333333,109.33333333333333,107.33333333333333,106.33333333333333,107.33333333333333,110.33333333333333,114.33333333333333,116.33333333333333,114.66666666666667,112.66666666666667,109.66666666666667,108.33333333333333,108.33333333333333,107.66666666666667,106.66666666666667,104.0,106.66666666666667,99.0,90.0,84.33333333333333,83.33333333333333,83.66666666666667,82.66666666666667,81.66666666666667,79.66666666666667,71.66666666666667,70.66666666666667,74.33333333333333,68.33333333333333,56.333333333333336,54.666666666666664,61.666666666666664,70.0,69.0,72.0,76.0,77.0,74.0,76.0,81.0,71.0,72.33333333333333,57.333333333333336,52.333333333333336,79.33333333333333,102.33333333333333,95.33333333333333,80.33333333333333,76.33333333333333,77.33333333333333,77.33333333333333,71.33333333333333,60.333333333333336,55.333333333333336,62.333333333333336,72.33333333333333,79.66666666666667,95.66666666666667,85.66666666666667,73.33333333333333,81.33333333333333,77.66666666666667,66.66666666666667,69.66666666666667,55.666666666666664,61.666666666666664,62.0,50.333333333333336,76.33333333333333,100.33333333333333,70.33333333333333,47.666666666666664,93.0,107.0,59.333333333333336,46.0,60.0,60.666666666666664,74.0,64.0,56.666666666666664,72.33333333333333,69.66666666666667,63.666666666666664,79.0,91.0,81.66666666666667,71.0,98.66666666666667,108.66666666666667,94.66666666666667,78.66666666666667,78.33333333333333,68.33333333333333,60.333333333333336,71.33333333333333,91.0,72.0,74.0,95.33333333333333,96.33333333333333,73.33333333333333,64.33333333333333,75.33333333333333,69.0,75.33333333333333,69.33333333333333,54.333333333333336,52.0,66.0,76.0,74.33333333333333,56.333333333333336,59.333333333333336,63.666666666666664,67.66666666666667,72.66666666666667,78.66666666666667,84.66666666666667,90.33333333333333,96.33333333333333,77.66666666666667,60.333333333333336,55.333333333333336,55.333333333333336,54.333333333333336,54.666666666666664,57.666666666666664,68.66666666666667,71.66666666666667,75.33333333333333,72.33333333333333,64.33333333333333,60.333333333333336,66.33333333333333,76.33333333333333,80.33333333333333,60.333333333333336,56.333333333333336,73.33333333333333,80.33333333333333,67.33333333333333,110.33333333333333,109.33333333333333,108.33333333333333,107.33333333333333,107.33333333333333,107.33333333333333,107.33333333333333,107.33333333333333,113.33333333333333,107.33333333333333,102.33333333333333,104.33333333333333,111.33333333333333,117.33333333333333,117.33333333333333,115.33333333333333,106.33333333333333,110.33333333333333,114.33333333333333,114.33333333333333,110.66666666666667,106.0,104.66666666666667,104.0,99.0,82.0,73.66666666666667,80.33333333333333,85.33333333333333,79.0,76.0,80.0,74.33333333333333,66.33333333333333,73.33333333333333,61.333333333333336,68.33333333333333,73.33333333333333,49.666666666666664,57.666666666666664,68.66666666666667,68.66666666666667,69.0,70.0,72.0,76.0,79.66666666666667,80.0,85.0,65.33333333333333,65.33333333333333,64.33333333333333,51.333333333333336,62.333333333333336,86.33333333333333,90.33333333333333,82.33333333333333,76.33333333333333,70.33333333333333,65.33333333333333,60.333333333333336,58.333333333333336,65.33333333333333,74.33333333333333,80.33333333333333,83.33333333333333,83.33333333333333,75.66666666666667,68.66666666666667,66.66666666666667,67.66666666666667,68.66666666666667,64.66666666666667,57.666666666666664,54.666666666666664,61.666666666666664,74.66666666666667,81.66666666666667,79.66666666666667,74.33333333333333,73.66666666666667,122.0,84.66666666666667,55.666666666666664,64.66666666666667,50.0,53.0,72.66666666666667,70.33333333333333,73.33333333333333,77.66666666666667,79.33333333333333,77.33333333333333,71.33333333333333,65.66666666666667,61.0,50.333333333333336,80.33333333333333,104.33333333333333,96.33333333333333,70.33333333333333,55.333333333333336,56.666666666666664,62.666666666666664,85.66666666666667,92.66666666666667,97.33333333333333,94.33333333333333,91.33333333333333,87.66666666666667,81.66666666666667,77.33333333333333,70.66666666666667,75.66666666666667,75.66666666666667,64.66666666666667,57.666666666666664,63.666666666666664,77.33333333333333,87.33333333333333,66.33333333333333,73.66666666666667,74.66666666666667,68.66666666666667,72.33333333333333,87.33333333333333,97.33333333333333,96.66666666666667,92.33333333333333,73.66666666666667,60.333333333333336,63.333333333333336,64.33333333333333,58.333333333333336,54.666666666666664,57.666666666666664,69.66666666666667,68.66666666666667,69.33333333333333,74.33333333333333,84.33333333333333,90.33333333333333,84.33333333333333,73.33333333333333,69.33333333333333,52.333333333333336,47.333333333333336,64.33333333333333,83.33333333333333,86.33333333333333,112.33333333333333,111.33333333333333,110.33333333333333,109.33333333333333,109.33333333333333,109.33333333333333,109.33333333333333,110.33333333333333,110.33333333333333,108.33333333333333,106.33333333333333,106.33333333333333,108.33333333333333,111.33333333333333,113.33333333333333,114.33333333333333,114.33333333333333,111.33333333333333,107.33333333333333,104.66666666666667,101.0,95.66666666666667,88.0,82.0,81.0,76.66666666666667,77.33333333333333,84.33333333333333,84.0,76.0,70.0,71.66666666666667,79.66666666666667,65.66666666666667,70.66666666666667,67.66666666666667,71.33333333333333,66.33333333333333,46.333333333333336,65.33333333333333,69.66666666666667,69.66666666666667,70.66666666666667,72.0,73.0,75.0,76.66666666666667,77.0,78.0,63.333333333333336,66.33333333333333,67.33333333333333,54.333333333333336,58.333333333333336,74.33333333333333,75.33333333333333,79.33333333333333,75.33333333333333,72.33333333333333,69.33333333333333,64.33333333333333,59.333333333333336,61.333333333333336,67.33333333333333,86.33333333333333,85.33333333333333,81.33333333333333,77.33333333333333,73.33333333333333,70.66666666666667,68.66666666666667,66.66666666666667,70.33333333333333,71.66666666666667,74.66666666666667,78.66666666666667,81.66666666666667,80.66666666666667,76.66666666666667,72.66666666666667,75.0,112.33333333333333,87.66666666666667,74.33333333333333,83.0,64.66666666666667,63.666666666666664,72.66666666666667,71.33333333333333,72.33333333333333,73.33333333333333,72.33333333333333,70.33333333333333,66.33333333333333,63.666666666666664,60.666666666666664,49.0,65.33333333333333,77.33333333333333,76.33333333333333,69.33333333333333,65.33333333333333,63.666666666666664,62.666666666666664,70.66666666666667,80.33333333333333,89.33333333333333,91.33333333333333,89.66666666666667,86.66666666666667,80.66666666666667,73.66666666666667,69.66666666666667,73.66666666666667,72.66666666666667,68.66666666666667,68.66666666666667,74.33333333333333,80.33333333333333,82.33333333333333,75.66666666666667,83.66666666666667,85.66666666666667,80.66666666666667,82.33333333333333,89.33333333333333,88.33333333333333,80.66666666666667,81.33333333333333,74.66666666666667,68.33333333333333,64.33333333333333,58.333333333333336,54.333333333333336,55.666666666666664,62.666666666666664,71.66666666666667,71.66666666666667,70.33333333333333,72.33333333333333,77.33333333333333,81.33333333333333,76.33333333333333,67.33333333333333,65.33333333333333,56.333333333333336,58.333333333333336,75.33333333333333,88.33333333333333,86.33333333333333,111.33333333333333,111.33333333333333,110.33333333333333,109.33333333333333,109.33333333333333,109.33333333333333,109.33333333333333,110.33333333333333,108.33333333333333,110.33333333333333,110.33333333333333,109.33333333333333,106.33333333333333,107.33333333333333,110.33333333333333,114.33333333333333,115.33333333333333,107.33333333333333,96.66666666666667,93.66666666666667,93.66666666666667,89.0,79.0,70.33333333333333,71.33333333333333,75.33333333333333,81.33333333333333,83.0,79.66666666666667,72.66666666666667,67.66666666666667,67.0,66.0,62.0,78.66666666666667,91.66666666666667,90.33333333333333,62.333333333333336,32.333333333333336,44.666666666666664,53.333333333333336,55.333333333333336,60.333333333333336,65.66666666666667,69.66666666666667,74.66666666666667,78.0,79.0,75.66666666666667,69.33333333333333,76.33333333333333,80.33333333333333,69.33333333333333,67.33333333333333,73.33333333333333,72.33333333333333,73.33333333333333,71.33333333333333,72.33333333333333,74.33333333333333,70.33333333333333,64.33333333333333,63.333333333333336,66.33333333333333,78.66666666666667,74.66666666666667,69.66666666666667,68.66666666666667,68.66666666666667,66.33333333333333,64.33333333333333,60.666666666666664,71.66666666666667,76.66666666666667,82.66666666666667,82.66666666666667,79.66666666666667,76.66666666666667,76.66666666666667,77.66666666666667,77.66666666666667,91.66666666666667,80.0,80.66666666666667,85.66666666666667,72.66666666666667,70.66666666666667,70.66666666666667,74.33333333333333,71.66666666666667,70.33333333333333,66.33333333333333,63.333333333333336,60.333333333333336,59.333333333333336,58.333333333333336,55.0,62.0,66.0,66.0,65.33333333333333,68.33333333333333,70.33333333333333,70.33333333333333,51.666666666666664,64.66666666666667,78.66666666666667,84.33333333333333,86.33333333333333,84.33333333333333,77.33333333333333,70.33333333333333,67.33333333333333,68.33333333333333,67.66666666666667,69.66666666666667,75.66666666666667,81.66666666666667,79.66666666666667,73.33333333333333,76.33333333333333,82.33333333333333,85.0,83.0,83.0,82.0,71.0,57.333333333333336,66.33333333333333,74.66666666666667,74.33333333333333,60.333333333333336,47.333333333333336,45.333333333333336,53.666666666666664,60.666666666666664,70.66666666666667,72.66666666666667,72.33333333333333,70.33333333333333,72.33333333333333,75.33333333333333,73.33333333333333,67.33333333333333,59.333333333333336,57.333333333333336,65.33333333333333,80.33333333333333,87.33333333333333,82.33333333333333,108.33333333333333,108.33333333333333,107.33333333333333,106.33333333333333,106.33333333333333,107.33333333333333,107.33333333333333,108.33333333333333,110.33333333333333,110.33333333333333,111.33333333333333,110.33333333333333,110.33333333333333,111.33333333333333,112.33333333333333,113.33333333333333,98.33333333333333,91.66666666666667,84.66666666666667,83.0,84.0,84.0,79.33333333333333,74.33333333333333,76.33333333333333,79.33333333333333,80.0,77.0,72.66666666666667,70.66666666666667,69.0,67.0,72.0,67.0,63.666666666666664,63.666666666666664,63.333333333333336,51.666666666666664,49.666666666666664,71.0,49.666666666666664,52.666666666666664,57.666666666666664,64.33333333333333,69.33333333333333,73.66666666666667,76.0,76.66666666666667,75.33333333333333,75.33333333333333,82.33333333333333,87.33333333333333,82.33333333333333,76.33333333333333,77.33333333333333,79.33333333333333,71.33333333333333,70.33333333333333,72.33333333333333,77.33333333333333,77.33333333333333,73.33333333333333,71.33333333333333,74.33333333333333,65.66666666666667,63.666666666666664,62.666666666666664,63.666666666666664,62.666666666666664,59.666666666666664,59.333333333333336,62.333333333333336,68.33333333333333,70.66666666666667,72.66666666666667,72.66666666666667,73.33333333333333,76.66666666666667,85.66666666666667,92.66666666666667,89.66666666666667,76.66666666666667,68.66666666666667,75.33333333333333,76.66666666666667,72.66666666666667,74.66666666666667,72.66666666666667,73.66666666666667,71.66666666666667,69.33333333333333,65.33333333333333,62.333333333333336,59.333333333333336,58.333333333333336,57.333333333333336,60.0,67.0,71.0,66.0,56.333333333333336,55.333333333333336,63.333333333333336,71.33333333333333,42.666666666666664,55.666666666666664,69.33333333333333,76.33333333333333,79.33333333333333,79.33333333333333,74.33333333333333,68.33333333333333,64.66666666666667,67.33333333333333,67.66666666666667,69.66666666666667,74.66666666666667,78.66666666666667,74.33333333333333,67.33333333333333,78.33333333333333,80.33333333333333,81.0,79.0,80.0,78.0,66.0,53.333333333333336,59.333333333333336,74.66666666666667,77.33333333333333,58.333333333333336,43.333333333333336,47.333333333333336,55.666666666666664,59.666666666666664,65.66666666666667,69.66666666666667,70.33333333333333,68.33333333333333,69.33333333333333,73.33333333333333,75.33333333333333,74.33333333333333,59.333333333333336,57.333333333333336,63.333333333333336,73.33333333333333,78.33333333333333,76.33333333333333,107.33333333333333,107.33333333333333,106.33333333333333,106.33333333333333,106.33333333333333,106.33333333333333,107.33333333333333,108.33333333333333,112.33333333333333,109.33333333333333,108.33333333333333,110.33333333333333,115.33333333333333,117.33333333333333,114.33333333333333,110.33333333333333,84.66666666666667,84.33333333333333,83.33333333333333,79.66666666666667,76.0,75.0,76.33333333333333,78.66666666666667,79.66666666666667,77.66666666666667,76.0,75.0,74.33333333333333,70.33333333333333,64.33333333333333,61.333333333333336,53.666666666666664,62.0,51.666666666666664,43.666666666666664,48.333333333333336,56.666666666666664,72.0,86.0,69.0,70.0,71.0,72.66666666666667,72.33333333333333,71.33333333333333,69.66666666666667,68.66666666666667,69.33333333333333,72.33333333333333,74.33333333333333,76.33333333333333,75.33333333333333,69.33333333333333,68.33333333333333,76.33333333333333,80.33333333333333,76.33333333333333,75.33333333333333,78.33333333333333,79.33333333333333,76.33333333333333,76.33333333333333,79.33333333333333,66.66666666666667,67.33333333333333,70.33333333333333,70.33333333333333,63.666666666666664,56.666666666666664,60.666666666666664,70.0,69.33333333333333,68.33333333333333,69.33333333333333,73.66666666666667,80.66666666666667,89.66666666666667,97.66666666666667,101.33333333333333,100.66666666666667,73.66666666666667,71.66666666666667,77.33333333333333,76.33333333333333,76.66666666666667,76.66666666666667,73.66666666666667,64.66666666666667,65.66666666666667,68.33333333333333,69.33333333333333,69.33333333333333,67.33333333333333,65.33333333333333,64.33333333333333,62.333333333333336,63.333333333333336,61.333333333333336,55.333333333333336,46.333333333333336,43.333333333333336,47.666666666666664,54.666666666666664,47.666666666666664,56.666666666666664,64.33333333333333,68.33333333333333,70.0,73.0,72.0,68.33333333333333,68.66666666666667,72.66666666666667,73.66666666666667,70.66666666666667,69.66666666666667,71.66666666666667,70.33333333333333,67.33333333333333,85.0,82.0,77.0,74.0,74.33333333333333,74.33333333333333,67.33333333333333,60.333333333333336,57.333333333333336,72.66666666666667,73.33333333333333,57.333333333333336,50.333333333333336,59.333333333333336,66.66666666666667,64.66666666666667,59.666666666666664,64.66666666666667,66.33333333333333,64.33333333333333,63.333333333333336,68.33333333333333,72.33333333333333,72.33333333333333,69.33333333333333,63.333333333333336,61.333333333333336,66.33333333333333,74.33333333333333,77.33333333333333,109.33333333333333,108.33333333333333,108.33333333333333,108.33333333333333,108.33333333333333,109.33333333333333,110.33333333333333,110.33333333333333,112.33333333333333,107.33333333333333,105.33333333333333,108.33333333333333,114.33333333333333,115.33333333333333,110.33333333333333,104.33333333333333,93.66666666666667,98.33333333333333,98.66666666666667,90.0,78.0,71.33333333333333,74.66666666666667,80.66666666666667,72.0,68.0,71.66666666666667,81.0,80.33333333333333,68.33333333333333,59.0,57.0,41.666666666666664,66.0,59.0,54.333333333333336,57.666666666666664,59.0,67.0,63.0,72.0,72.0,72.0,71.0,70.66666666666667,69.33333333333333,68.66666666666667,67.66666666666667,68.33333333333333,72.33333333333333,66.33333333333333,62.333333333333336,64.33333333333333,58.333333333333336,57.333333333333336,70.33333333333333,93.33333333333333,85.33333333333333,79.33333333333333,77.33333333333333,76.33333333333333,73.33333333333333,72.33333333333333,75.66666666666667,71.0,71.33333333333333,75.33333333333333,74.33333333333333,63.666666666666664,53.666666666666664,58.666666666666664,71.66666666666667,74.33333333333333,74.33333333333333,78.33333333333333,87.33333333333333,97.66666666666667,102.66666666666667,100.66666666666667,97.66666666666667,92.66666666666667,71.66666666666667,77.33333333333333,79.33333333333333,76.66666666666667,77.66666666666667,66.66666666666667,64.66666666666667,56.666666666666664,60.666666666666664,67.33333333333333,72.33333333333333,76.33333333333333,77.33333333333333,76.33333333333333,74.33333333333333,71.33333333333333,58.333333333333336,46.333333333333336,45.333333333333336,49.333333333333336,50.333333333333336,48.666666666666664,47.666666666666664,58.666666666666664,63.666666666666664,66.33333333333333,64.33333333333333,65.0,69.0,72.0,71.0,74.66666666666667,79.66666666666667,79.66666666666667,72.66666666666667,66.66666666666667,66.66666666666667,70.33333333333333,71.33333333333333,76.0,70.0,63.0,58.0,56.333333333333336,56.333333333333336,54.333333333333336,53.0,54.333333333333336,62.666666666666664,62.333333333333336,53.333333333333336,52.333333333333336,63.333333333333336,67.66666666666667,63.666666666666664,58.666666666666664,62.666666666666664,62.333333333333336,58.333333333333336,56.333333333333336,59.333333333333336,61.333333333333336,59.333333333333336,77.33333333333333,71.33333333333333,66.33333333333333,68.33333333333333,75.33333333333333,81.33333333333333,108.33333333333333,108.33333333333333,107.33333333333333,107.33333333333333,108.33333333333333,109.33333333333333,110.33333333333333,110.33333333333333,107.33333333333333,105.33333333333333,105.33333333333333,106.33333333333333,107.33333333333333,105.33333333333333,100.33333333333333,95.33333333333333,104.66666666666667,108.33333333333333,108.66666666666667,98.0,83.66666666666667,74.33333333333333,74.66666666666667,80.0,69.0,62.0,68.66666666666667,85.0,82.33333333333333,64.33333333333333,60.0,70.0,76.66666666666667,85.0,57.0,48.333333333333336,48.666666666666664,45.0,64.0,68.33333333333333,62.333333333333336,62.333333333333336,64.0,65.0,66.66666666666667,68.66666666666667,70.33333333333333,71.33333333333333,67.33333333333333,73.33333333333333,62.333333333333336,56.333333333333336,62.333333333333336,56.333333333333336,56.333333333333336,74.33333333333333,96.33333333333333,87.33333333333333,78.33333333333333,75.33333333333333,72.33333333333333,68.33333333333333,66.33333333333333,68.66666666666667,69.0,67.0,69.33333333333333,71.33333333333333,64.33333333333333,54.333333333333336,59.666666666666664,71.66666666666667,76.66666666666667,77.66666666666667,80.33333333333333,87.33333333333333,94.33333333333333,95.33333333333333,90.66666666666667,85.66666666666667,78.66666666666667,69.66666666666667,79.66666666666667,72.66666666666667,71.66666666666667,73.66666666666667,53.666666666666664,57.666666666666664,60.333333333333336,64.33333333333333,69.33333333333333,74.33333333333333,78.33333333333333,79.33333333333333,78.33333333333333,77.33333333333333,76.33333333333333,60.333333333333336,47.333333333333336,47.333333333333336,52.666666666666664,55.666666666666664,59.666666666666664,62.666666666666664,67.33333333333333,70.33333333333333,70.33333333333333,66.33333333333333,65.0,70.0,74.0,74.0,76.66666666666667,80.66666666666667,79.66666666666667,71.66666666666667,65.33333333333333,66.33333333333333,69.33333333333333,70.33333333333333,64.0,60.0,56.0,52.0,49.333333333333336,48.333333333333336,49.333333333333336,51.0,61.333333333333336,63.666666666666664,60.333333333333336,54.333333333333336,54.333333333333336,59.333333333333336,60.666666666666664,57.666666666666664,59.666666666666664,61.666666666666664,59.333333333333336,55.333333333333336,54.333333333333336,55.333333333333336,53.333333333333336,49.333333333333336,68.33333333333333,70.33333333333333,72.33333333333333,72.33333333333333,74.33333333333333,78.33333333333333,105.33333333333333,105.33333333333333,105.33333333333333,105.33333333333333,105.33333333333333,106.33333333333333,107.33333333333333,108.33333333333333,101.33333333333333,104.33333333333333,106.33333333333333,104.33333333333333,98.66666666666667,93.66666666666667,89.66666666666667,88.33333333333333,99.33333333333333,102.66666666666667,103.0,95.0,81.66666666666667,73.33333333333333,73.66666666666667,76.66666666666667,74.66666666666667,63.666666666666664,68.66666666666667,84.0,79.66666666666667,61.333333333333336,67.0,90.0,73.66666666666667,80.0,56.666666666666664,65.33333333333333,67.66666666666667,49.0,62.0,68.0,69.0,68.0,67.0,66.0,65.66666666666667,67.0,68.33333333333333,69.33333333333333,63.333333333333336,70.33333333333333,58.333333333333336,52.333333333333336,61.333333333333336,58.333333333333336,58.333333333333336,79.33333333333333,92.33333333333333,83.33333333333333,74.33333333333333,72.33333333333333,70.33333333333333,65.33333333333333,63.333333333333336,64.66666666666667,66.0,60.333333333333336,63.0,70.33333333333333,70.0,62.666666666666664,66.66666666666667,77.0,74.66666666666667,73.0,72.33333333333333,73.66666666666667,76.33333333333333,77.66666666666667,77.66666666666667,77.33333333333333,75.66666666666667,72.66666666666667,81.66666666666667,65.66666666666667,65.66666666666667,71.66666666666667,50.666666666666664,61.666666666666664,69.33333333333333,71.33333333333333,73.33333333333333,75.33333333333333,76.33333333333333,75.66666666666667,73.66666666666667,73.66666666666667,69.66666666666667,62.666666666666664,56.333333333333336,51.666666666666664,46.666666666666664,48.666666666666664,63.666666666666664,80.66666666666667,72.33333333333333,75.33333333333333,74.33333333333333,69.33333333333333,68.0,72.0,76.0,76.33333333333333,74.66666666666667,77.66666666666667,75.66666666666667,69.66666666666667,65.33333333333333,67.33333333333333,67.33333333333333,65.33333333333333,66.33333333333333,65.0,66.33333333333333,67.0,65.0,63.0,63.0,66.33333333333333,77.66666666666667,76.33333333333333,71.33333333333333,64.66666666666667,60.333333333333336,58.666666666666664,57.666666666666664,56.666666666666664,59.666666666666664,60.666666666666664,59.333333333333336,55.333333333333336,55.333333333333336,56.333333333333336,53.333333333333336,47.333333333333336,53.333333333333336,63.333333333333336,74.0,74.33333333333333,72.0,70.33333333333333,104.66666666666667,107.66666666666667,109.66666666666667,109.0,106.0,103.66666666666667,103.66666666666667,104.33333333333333,112.66666666666667,103.66666666666667,94.0,89.0,85.0,79.0,73.0,69.0,70.0,79.0,85.66666666666667,84.66666666666667,75.66666666666667,67.66666666666667,64.33333333333333,65.33333333333333,63.333333333333336,65.33333333333333,73.33333333333333,85.66666666666667,95.66666666666667,96.66666666666667,87.66666666666667,78.66666666666667,89.0,81.0,76.0,74.0,61.333333333333336,49.333333333333336,57.333333333333336,76.33333333333333,68.0,70.0,69.0,66.0,63.0,63.333333333333336,64.66666666666667,65.66666666666667,63.666666666666664,56.666666666666664,55.666666666666664,60.666666666666664,58.666666666666664,53.666666666666664,60.666666666666664,74.66666666666667,73.66666666666667,69.66666666666667,72.66666666666667,70.66666666666667,63.666666666666664,67.66666666666667,68.66666666666667,58.666666666666664,55.666666666666664,70.66666666666667,80.66666666666667,74.0,62.666666666666664,57.333333333333336,60.333333333333336,63.666666666666664,68.33333333333333,70.66666666666667,77.66666666666667,88.0,95.66666666666667,92.0,81.0,70.0,73.0,72.0,69.0,69.0,72.66666666666667,73.66666666666667,63.666666666666664,51.666666666666664,62.666666666666664,63.666666666666664,69.66666666666667,75.66666666666667,76.66666666666667,71.0,69.0,71.0,63.0,61.0,59.666666666666664,58.0,60.0,64.0,69.0,72.0,74.0,69.0,69.0,75.0,76.0,71.0,71.0,74.0,74.66666666666667,76.66666666666667,73.66666666666667,65.66666666666667,60.666666666666664,61.666666666666664,63.666666666666664,63.666666666666664,61.666666666666664,61.0,64.66666666666667,67.0,71.0,74.0,74.0,74.66666666666667,68.33333333333333,68.66666666666667,67.66666666666667,66.33333333333333,64.66666666666667,64.33333333333333,64.33333333333333,65.33333333333333,66.33333333333333,65.33333333333333,64.33333333333333,66.33333333333333,68.33333333333333,65.33333333333333,58.333333333333336,51.333333333333336,59.0,64.0,72.33333333333333,76.0,74.33333333333333,71.0,104.66666666666667,108.66666666666667,110.66666666666667,108.0,103.0,101.66666666666667,104.33333333333333,109.33333333333333,106.66666666666667,99.0,91.0,84.0,77.33333333333333,72.66666666666667,70.66666666666667,70.66666666666667,72.66666666666667,77.66666666666667,79.66666666666667,73.66666666666667,62.666666666666664,56.666666666666664,60.666666666666664,66.66666666666667,77.66666666666667,75.66666666666667,76.66666666666667,84.66666666666667,94.66666666666667,96.66666666666667,90.66666666666667,82.66666666666667,78.0,74.0,72.0,71.0,64.66666666666667,58.666666666666664,65.66666666666667,78.66666666666667,71.66666666666667,73.66666666666667,69.66666666666667,61.666666666666664,58.333333333333336,63.333333333333336,65.33333333333333,64.33333333333333,60.666666666666664,51.666666666666664,49.666666666666664,59.666666666666664,65.66666666666667,61.666666666666664,60.666666666666664,65.66666666666667,78.66666666666667,73.66666666666667,72.66666666666667,64.66666666666667,53.666666666666664,57.666666666666664,65.66666666666667,60.666666666666664,52.666666666666664,69.66666666666667,83.33333333333333,81.33333333333333,70.33333333333333,61.333333333333336,54.666666666666664,51.666666666666664,73.66666666666667,80.66666666666667,88.0,93.0,91.0,85.0,78.0,74.0,68.66666666666667,73.66666666666667,77.0,77.0,75.66666666666667,71.66666666666667,61.666666666666664,50.666666666666664,54.666666666666664,56.666666666666664,62.666666666666664,71.66666666666667,73.0,69.0,66.66666666666667,67.66666666666667,67.0,66.0,65.0,65.0,66.0,69.0,72.0,74.0,68.0,67.0,68.0,70.0,67.0,63.0,67.0,75.0,75.66666666666667,76.66666666666667,74.66666666666667,68.66666666666667,66.66666666666667,66.66666666666667,64.66666666666667,59.666666666666664,53.666666666666664,57.666666666666664,63.666666666666664,70.66666666666667,75.66666666666667,75.66666666666667,73.66666666666667,70.66666666666667,74.66666666666667,73.33333333333333,71.33333333333333,73.33333333333333,77.33333333333333,79.33333333333333,77.33333333333333,75.33333333333333,71.33333333333333,73.33333333333333,73.33333333333333,72.33333333333333,70.33333333333333,66.33333333333333,64.33333333333333,63.333333333333336,66.0,66.33333333333333,68.33333333333333,70.33333333333333,71.33333333333333,69.33333333333333,106.66666666666667,109.66666666666667,110.66666666666667,107.0,102.0,100.66666666666667,104.33333333333333,109.33333333333333,97.66666666666667,92.0,84.0,76.0,70.33333333333333,69.33333333333333,69.66666666666667,69.66666666666667,69.66666666666667,72.66666666666667,73.66666666666667,69.66666666666667,61.666666666666664,58.666666666666664,63.666666666666664,69.66666666666667,85.66666666666667,78.66666666666667,73.66666666666667,76.66666666666667,84.66666666666667,89.66666666666667,84.66666666666667,78.66666666666667,70.0,70.0,70.0,69.0,68.0,69.0,71.66666666666667,75.66666666666667,63.666666666666664,71.66666666666667,72.66666666666667,67.66666666666667,68.33333333333333,74.33333333333333,67.33333333333333,52.333333333333336,70.66666666666667,58.666666666666664,55.666666666666664,66.66666666666667,76.66666666666667,72.66666666666667,61.666666666666664,55.666666666666664,74.66666666666667,71.66666666666667,71.66666666666667,61.666666666666664,47.666666666666664,49.666666666666664,56.666666666666664,52.666666666666664,56.666666666666664,69.66666666666667,81.33333333333333,80.33333333333333,73.33333333333333,65.33333333333333,57.666666666666664,51.666666666666664,76.66666666666667,85.66666666666667,93.0,92.0,82.0,74.0,72.0,74.0,68.0,75.0,79.0,75.0,70.0,66.0,62.666666666666664,57.666666666666664,60.666666666666664,60.666666666666664,65.0,73.0,75.0,72.0,70.0,71.0,70.0,70.0,70.0,71.0,72.0,73.0,74.0,75.0,69.0,70.0,72.0,70.0,64.0,61.0,67.0,76.0,72.66666666666667,74.66666666666667,73.66666666666667,69.66666666666667,68.66666666666667,67.66666666666667,62.666666666666664,56.666666666666664,55.666666666666664,57.666666666666664,62.666666666666664,66.66666666666667,69.66666666666667,71.66666666666667,71.66666666666667,71.66666666666667,73.66666666666667,68.66666666666667,65.66666666666667,69.66666666666667,75.66666666666667,77.66666666666667,73.66666666666667,68.66666666666667,67.66666666666667,70.66666666666667,72.66666666666667,68.66666666666667,62.666666666666664,58.666666666666664,60.666666666666664,63.666666666666664,57.666666666666664,56.666666666666664,57.666666666666664,60.666666666666664,66.66666666666667,71.66666666666667,110.66666666666667,110.66666666666667,108.66666666666667,107.0,104.66666666666667,102.66666666666667,101.33333333333333,99.33333333333333,87.66666666666667,83.66666666666667,76.0,71.0,72.0,73.33333333333333,69.33333333333333,64.33333333333333,65.66666666666667,66.66666666666667,69.66666666666667,73.66666666666667,75.66666666666667,76.66666666666667,75.66666666666667,73.66666666666667,84.66666666666667,76.66666666666667,69.66666666666667,70.66666666666667,77.66666666666667,81.66666666666667,78.66666666666667,72.66666666666667,70.0,73.0,73.0,70.0,71.0,74.0,72.66666666666667,67.66666666666667,61.666666666666664,66.66666666666667,64.66666666666667,60.666666666666664,70.33333333333333,81.33333333333333,72.33333333333333,50.666666666666664,80.66666666666667,69.66666666666667,64.66666666666667,71.66666666666667,77.66666666666667,71.66666666666667,60.666666666666664,53.666666666666664,65.66666666666667,62.666666666666664,65.66666666666667,61.666666666666664,51.666666666666664,52.666666666666664,52.666666666666664,42.666666666666664,63.666666666666664,69.66666666666667,72.33333333333333,69.33333333333333,66.33333333333333,67.33333333333333,65.66666666666667,63.666666666666664,76.66666666666667,84.66666666666667,90.0,87.0,78.0,71.0,71.0,75.0,72.0,74.0,72.0,65.0,62.0,65.0,69.0,69.0,72.66666666666667,69.0,70.0,74.0,75.0,72.0,71.0,72.0,70.0,71.0,73.0,74.0,75.0,74.0,73.0,72.0,71.0,72.0,72.0,70.0,66.0,63.0,64.0,67.0,65.66666666666667,71.66666666666667,72.66666666666667,67.66666666666667,63.666666666666664,62.666666666666664,60.666666666666664,57.666666666666664,67.66666666666667,65.66666666666667,61.666666666666664,58.666666666666664,57.666666666666664,61.666666666666664,67.66666666666667,71.66666666666667,64.66666666666667,62.666666666666664,60.666666666666664,61.666666666666664,63.666666666666664,63.666666666666664,59.666666666666664,56.666666666666664,62.666666666666664,64.66666666666667,64.66666666666667,61.666666666666664,57.666666666666664,53.666666666666664,53.666666666666664,54.666666666666664,47.333333333333336,52.333333333333336,56.666666666666664,59.333333333333336,63.666666666666664,67.33333333333333,113.66666666666667,109.66666666666667,106.0,108.0,109.66666666666667,106.66666666666667,95.33333333333333,86.33333333333333,81.66666666666667,78.66666666666667,74.0,74.0,80.0,83.0,73.0,58.0,73.66666666666667,68.0,64.0,70.0,81.0,87.0,82.0,75.0,81.0,76.0,72.0,74.0,79.0,81.0,77.0,72.0,71.0,73.33333333333333,73.33333333333333,70.33333333333333,72.0,75.0,72.0,65.0,71.66666666666667,67.66666666666667,56.666666666666664,51.666666666666664,66.66666666666667,84.66666666666667,80.66666666666667,63.666666666666664,71.66666666666667,68.66666666666667,66.66666666666667,67.66666666666667,67.66666666666667,66.66666666666667,66.66666666666667,69.66666666666667,68.66666666666667,59.666666666666664,58.666666666666664,59.666666666666664,58.666666666666664,65.66666666666667,64.66666666666667,49.666666666666664,66.66666666666667,69.66666666666667,67.33333333333333,62.333333333333336,60.333333333333336,63.333333333333336,64.66666666666667,63.666666666666664,73.66666666666667,77.66666666666667,81.0,82.0,79.0,76.0,76.0,76.0,73.0,72.0,68.0,64.0,67.0,74.0,76.0,74.66666666666667,72.0,66.0,64.0,67.0,69.0,68.0,68.0,70.0,72.0,73.0,76.0,77.0,77.0,75.0,72.0,70.0,68.0,68.0,67.0,67.0,67.0,64.0,57.0,50.0,62.666666666666664,71.66666666666667,74.66666666666667,67.66666666666667,59.666666666666664,58.666666666666664,62.666666666666664,65.66666666666667,75.66666666666667,72.66666666666667,67.66666666666667,59.666666666666664,54.666666666666664,53.666666666666664,57.666666666666664,61.666666666666664,58.666666666666664,60.666666666666664,62.666666666666664,61.666666666666664,57.666666666666664,55.666666666666664,56.666666666666664,58.666666666666664,64.66666666666667,62.666666666666664,60.666666666666664,59.666666666666664,59.666666666666664,56.666666666666664,52.666666666666664,48.666666666666664,48.333333333333336,60.666666666666664,69.33333333333333,65.66666666666667,60.333333333333336,58.666666666666664,112.66666666666667,108.66666666666667,105.0,108.0,110.66666666666667,105.66666666666667,91.33333333333333,79.33333333333333,80.33333333333333,81.66666666666667,82.66666666666667,84.0,91.0,94.0,80.0,61.0,92.0,77.0,62.0,62.0,73.0,81.0,79.0,72.0,74.0,74.0,75.0,77.0,77.0,76.0,72.0,69.0,70.33333333333333,69.33333333333333,68.33333333333333,69.33333333333333,70.0,71.0,70.0,69.0,73.66666666666667,74.66666666666667,75.66666666666667,81.66666666666667,90.66666666666667,92.66666666666667,81.66666666666667,66.66666666666667,64.66666666666667,67.66666666666667,70.66666666666667,67.66666666666667,63.666666666666664,69.66666666666667,84.66666666666667,98.66666666666667,78.66666666666667,62.666666666666664,54.666666666666664,55.666666666666664,62.666666666666664,79.66666666666667,84.66666666666667,72.66666666666667,65.66666666666667,71.66666666666667,73.33333333333333,68.33333333333333,63.333333333333336,61.333333333333336,57.666666666666664,53.666666666666664,64.66666666666667,66.66666666666667,69.0,74.0,76.0,76.0,73.0,70.0,71.0,74.0,75.0,75.0,78.0,80.66666666666667,76.66666666666667,69.66666666666667,67.66666666666667,61.666666666666664,60.666666666666664,67.0,72.0,73.0,72.0,74.0,74.0,76.0,78.0,79.0,78.0,75.0,72.0,70.0,68.0,68.0,67.0,67.0,71.0,69.0,59.0,47.0,62.666666666666664,71.66666666666667,75.66666666666667,69.66666666666667,62.666666666666664,62.666666666666664,68.66666666666667,72.66666666666667,71.66666666666667,73.66666666666667,73.66666666666667,68.66666666666667,60.666666666666664,52.666666666666664,49.666666666666664,48.666666666666664,52.666666666666664,57.666666666666664,61.666666666666664,59.666666666666664,54.666666666666664,53.666666666666664,59.666666666666664,65.66666666666667,65.66666666666667,60.666666666666664,54.666666666666664,53.666666666666664,54.666666666666664,54.666666666666664,49.666666666666664,44.666666666666664,46.666666666666664,63.333333333333336,76.66666666666667,72.33333333333333,64.66666666666667,63.333333333333336,105.33333333333333,106.33333333333333,106.33333333333333,107.33333333333333,106.33333333333333,100.33333333333333,92.33333333333333,84.66666666666667,82.66666666666667,92.0,98.0,98.0,100.0,100.66666666666667,89.66666666666667,74.0,104.0,90.0,74.0,69.0,73.0,77.0,76.0,72.0,74.0,77.0,81.0,80.0,76.0,71.0,70.0,70.0,70.33333333333333,64.33333333333333,62.333333333333336,66.33333333333333,66.33333333333333,62.333333333333336,64.0,72.0,76.0,84.66666666666667,99.66666666666667,108.66666666666667,101.66666666666667,84.66666666666667,70.66666666666667,66.66666666666667,71.66666666666667,78.66666666666667,79.66666666666667,71.66666666666667,64.66666666666667,72.66666666666667,93.66666666666667,112.66666666666667,78.66666666666667,64.66666666666667,57.666666666666664,58.666666666666664,67.66666666666667,87.66666666666667,97.66666666666667,89.66666666666667,70.66666666666667,79.66666666666667,83.33333333333333,79.33333333333333,71.33333333333333,67.33333333333333,61.666666666666664,57.666666666666664,59.666666666666664,63.666666666666664,69.0,75.0,76.0,74.0,69.0,65.0,73.0,80.0,84.0,81.0,76.66666666666667,73.33333333333333,68.33333333333333,62.333333333333336,66.33333333333333,63.333333333333336,66.33333333333333,75.66666666666667,83.0,81.0,77.0,75.0,74.0,75.0,77.0,77.0,75.0,72.0,69.0,67.0,65.0,68.0,69.0,69.0,71.0,72.0,65.0,55.0,62.666666666666664,68.66666666666667,70.66666666666667,69.66666666666667,69.66666666666667,71.66666666666667,71.66666666666667,69.66666666666667,66.66666666666667,70.66666666666667,74.66666666666667,71.66666666666667,63.666666666666664,54.666666666666664,49.666666666666664,47.666666666666664,53.666666666666664,55.666666666666664,55.666666666666664,53.666666666666664,51.666666666666664,52.666666666666664,57.666666666666664,62.666666666666664,62.666666666666664,58.666666666666664,51.666666666666664,45.666666666666664,43.666666666666664,44.666666666666664,45.666666666666664,46.0,49.0,65.33333333333333,77.0,73.33333333333333,72.0,75.33333333333333,99.33333333333333,104.33333333333333,108.33333333333333,106.33333333333333,100.33333333333333,94.33333333333333,92.33333333333333,93.33333333333333,84.66666666666667,101.66666666666667,111.66666666666667,108.0,104.0,104.0,97.0,86.66666666666667,106.0,99.0,90.0,85.0,83.0,81.0,77.0,74.0,82.0,87.0,91.0,88.0,80.0,74.0,74.0,77.0,73.33333333333333,62.333333333333336,59.333333333333336,64.33333333333333,62.333333333333336,53.333333333333336,57.0,71.0,90.0,93.0,98.66666666666667,96.66666666666667,76.66666666666667,56.666666666666664,60.666666666666664,77.66666666666667,82.66666666666667,87.66666666666667,86.66666666666667,72.66666666666667,60.666666666666664,66.66666666666667,86.66666666666667,104.66666666666667,69.66666666666667,61.666666666666664,61.666666666666664,65.66666666666667,72.66666666666667,89.66666666666667,99.66666666666667,92.66666666666667,78.66666666666667,87.66666666666667,90.33333333333333,85.33333333333333,77.33333333333333,74.33333333333333,73.66666666666667,72.66666666666667,65.66666666666667,72.66666666666667,81.0,85.0,84.0,78.0,73.0,70.0,78.0,86.0,87.0,76.66666666666667,65.33333333333333,60.333333333333336,59.333333333333336,58.666666666666664,66.33333333333333,65.33333333333333,70.33333333333333,82.33333333333333,87.66666666666667,83.0,74.0,69.0,72.0,72.0,73.0,73.0,71.0,68.0,65.0,63.0,57.0,64.0,67.0,64.0,64.0,67.0,66.0,61.0,60.666666666666664,62.666666666666664,64.66666666666667,67.66666666666667,73.66666666666667,77.66666666666667,71.66666666666667,62.666666666666664,66.66666666666667,69.66666666666667,71.66666666666667,67.66666666666667,59.666666666666664,54.666666666666664,54.666666666666664,56.666666666666664,61.666666666666664,58.666666666666664,53.666666666666664,51.666666666666664,51.666666666666664,53.666666666666664,55.666666666666664,56.666666666666664,64.66666666666667,61.666666666666664,53.666666666666664,44.666666666666664,37.666666666666664,38.666666666666664,46.666666666666664,54.0,64.0,75.33333333333333,80.33333333333333,75.33333333333333,75.33333333333333,81.33333333333333,106.66666666666667,105.66666666666667,103.66666666666667,102.66666666666667,103.66666666666667,105.66666666666667,108.33333333333333,109.33333333333333,103.33333333333333,103.66666666666667,105.66666666666667,107.66666666666667,107.66666666666667,105.66666666666667,103.66666666666667,102.0,103.66666666666667,99.66666666666667,93.66666666666667,88.66666666666667,85.66666666666667,84.66666666666667,85.66666666666667,86.66666666666667,77.66666666666667,85.66666666666667,89.66666666666667,85.66666666666667,81.66666666666667,79.66666666666667,77.66666666666667,75.0,76.33333333333333,57.333333333333336,54.333333333333336,71.33333333333333,74.33333333333333,60.333333333333336,57.333333333333336,69.33333333333333,65.0,43.0,52.0,67.66666666666667,59.666666666666664,60.666666666666664,77.66666666666667,81.66666666666667,75.66666666666667,82.66666666666667,92.66666666666667,90.66666666666667,71.66666666666667,56.666666666666664,68.66666666666667,92.66666666666667,81.66666666666667,51.666666666666664,70.66666666666667,78.66666666666667,71.66666666666667,92.66666666666667,102.66666666666667,97.66666666666667,100.66666666666667,96.66666666666667,90.33333333333333,83.33333333333333,77.33333333333333,73.33333333333333,70.66666666666667,70.66666666666667,79.66666666666667,78.66666666666667,78.0,78.0,77.0,73.0,68.0,64.0,78.0,66.0,74.0,80.66666666666667,71.33333333333333,74.66666666666667,78.66666666666667,64.33333333333333,64.66666666666667,69.66666666666667,76.66666666666667,79.33333333333333,78.66666666666667,76.0,74.0,74.66666666666667,77.0,72.0,70.0,74.0,75.0,68.0,58.0,53.0,53.0,58.0,63.0,64.0,62.0,60.0,60.0,62.0,64.66666666666667,66.66666666666667,68.66666666666667,69.66666666666667,69.66666666666667,69.66666666666667,65.66666666666667,60.666666666666664,72.66666666666667,71.66666666666667,67.66666666666667,60.666666666666664,54.666666666666664,53.666666666666664,58.666666666666664,64.66666666666667,71.66666666666667,69.66666666666667,68.66666666666667,68.66666666666667,69.66666666666667,70.66666666666667,69.66666666666667,68.66666666666667,74.66666666666667,73.66666666666667,67.66666666666667,58.666666666666664,54.666666666666664,59.666666666666664,67.66666666666667,72.0,72.0,75.33333333333333,79.33333333333333,81.33333333333333,80.33333333333333,78.33333333333333,107.66666666666667,106.66666666666667,104.66666666666667,102.66666666666667,102.66666666666667,103.66666666666667,105.33333333333333,106.33333333333333,102.33333333333333,104.33333333333333,104.66666666666667,106.66666666666667,106.66666666666667,104.66666666666667,103.66666666666667,101.66666666666667,104.0,100.66666666666667,96.66666666666667,93.66666666666667,90.66666666666667,90.66666666666667,91.66666666666667,91.66666666666667,97.66666666666667,98.66666666666667,95.66666666666667,88.66666666666667,85.66666666666667,89.66666666666667,93.66666666666667,93.66666666666667,73.66666666666667,68.33333333333333,68.33333333333333,72.33333333333333,73.33333333333333,73.33333333333333,80.33333333333333,90.33333333333333,73.0,46.0,47.0,68.0,71.66666666666667,73.66666666666667,76.66666666666667,68.66666666666667,79.66666666666667,80.66666666666667,84.66666666666667,84.66666666666667,70.66666666666667,58.666666666666664,64.66666666666667,80.66666666666667,85.66666666666667,58.666666666666664,77.66666666666667,86.66666666666667,79.66666666666667,92.66666666666667,91.66666666666667,79.66666666666667,85.66666666666667,84.66666666666667,82.33333333333333,80.33333333333333,78.33333333333333,77.33333333333333,75.66666666666667,74.66666666666667,80.66666666666667,77.66666666666667,73.0,71.0,70.0,69.0,67.0,65.0,68.66666666666667,68.66666666666667,78.0,84.33333333333333,79.66666666666667,76.33333333333333,72.33333333333333,62.666666666666664,65.33333333333333,72.33333333333333,79.33333333333333,79.66666666666667,73.33333333333333,67.0,66.66666666666667,67.66666666666667,68.0,63.0,63.0,68.0,70.0,64.0,56.0,53.0,54.0,58.0,63.0,65.0,65.0,62.0,60.0,59.0,54.666666666666664,58.666666666666664,64.66666666666667,69.66666666666667,71.66666666666667,69.66666666666667,64.66666666666667,59.666666666666664,51.666666666666664,53.666666666666664,56.666666666666664,58.666666666666664,60.666666666666664,65.66666666666667,71.66666666666667,76.66666666666667,72.66666666666667,72.66666666666667,73.66666666666667,73.66666666666667,74.66666666666667,74.66666666666667,72.66666666666667,71.66666666666667,69.66666666666667,68.66666666666667,66.66666666666667,64.66666666666667,60.666666666666664,58.666666666666664,60.666666666666664,64.0,71.0,71.33333333333333,73.33333333333333,74.33333333333333,74.33333333333333,75.33333333333333,107.66666666666667,105.66666666666667,103.66666666666667,101.66666666666667,101.66666666666667,101.66666666666667,102.66666666666667,102.66666666666667,102.33333333333333,103.33333333333333,104.33333333333333,105.33333333333333,105.33333333333333,104.33333333333333,103.33333333333333,101.66666666666667,104.0,103.0,101.0,100.0,99.0,99.0,99.0,99.0,108.0,107.0,101.0,94.0,94.0,100.0,102.0,99.66666666666667,69.66666666666667,77.0,78.33333333333333,70.33333333333333,62.333333333333336,65.33333333333333,73.33333333333333,78.33333333333333,66.33333333333333,56.333333333333336,67.0,80.0,72.0,64.0,68.66666666666667,72.66666666666667,81.66666666666667,76.66666666666667,75.66666666666667,78.66666666666667,73.66666666666667,66.66666666666667,67.66666666666667,74.66666666666667,85.66666666666667,62.666666666666664,79.66666666666667,86.66666666666667,79.66666666666667,87.66666666666667,79.66666666666667,69.66666666666667,72.66666666666667,73.66666666666667,75.33333333333333,77.33333333333333,77.33333333333333,77.33333333333333,75.66666666666667,74.66666666666667,78.66666666666667,74.66666666666667,68.0,65.0,64.0,66.0,67.0,67.0,66.66666666666667,76.66666666666667,78.0,76.33333333333333,76.66666666666667,69.33333333333333,61.666666666666664,65.33333333333333,73.66666666666667,82.66666666666667,91.33333333333333,86.66666666666667,73.33333333333333,63.0,60.666666666666664,63.666666666666664,61.0,57.0,58.0,65.0,68.0,65.0,60.0,58.0,55.0,56.0,58.0,60.0,61.0,58.0,53.0,49.0,51.666666666666664,57.666666666666664,66.66666666666667,74.66666666666667,76.66666666666667,72.66666666666667,67.66666666666667,63.666666666666664,54.666666666666664,56.666666666666664,59.666666666666664,63.666666666666664,66.66666666666667,69.66666666666667,71.66666666666667,72.66666666666667,70.66666666666667,71.66666666666667,72.66666666666667,73.66666666666667,72.66666666666667,70.66666666666667,69.66666666666667,67.66666666666667,68.66666666666667,65.66666666666667,67.66666666666667,71.66666666666667,67.66666666666667,57.666666666666664,54.666666666666664,58.0,72.0,70.33333333333333,70.33333333333333,72.33333333333333,75.33333333333333,78.33333333333333,104.66666666666667,103.66666666666667,101.66666666666667,100.66666666666667,100.66666666666667,100.66666666666667,101.66666666666667,101.66666666666667,102.33333333333333,102.33333333333333,103.33333333333333,104.33333333333333,104.33333333333333,103.33333333333333,102.66666666666667,102.33333333333333,102.66666666666667,103.0,103.0,104.0,104.0,104.0,103.0,103.0,101.0,102.0,102.0,100.0,102.0,102.0,96.0,87.0,70.0,76.0,77.33333333333333,70.33333333333333,61.333333333333336,58.333333333333336,60.333333333333336,63.333333333333336,66.33333333333333,69.33333333333333,81.0,85.0,70.0,56.0,62.666666666666664,75.66666666666667,79.66666666666667,74.66666666666667,74.66666666666667,78.66666666666667,79.66666666666667,76.66666666666667,76.66666666666667,79.66666666666667,76.66666666666667,59.666666666666664,74.66666666666667,76.66666666666667,70.66666666666667,78.66666666666667,75.66666666666667,75.66666666666667,73.66666666666667,73.66666666666667,73.33333333333333,73.33333333333333,72.33333333333333,71.33333333333333,69.66666666666667,68.66666666666667,74.66666666666667,70.66666666666667,66.0,64.0,65.0,68.0,70.0,70.0,73.66666666666667,84.66666666666667,73.0,59.333333333333336,61.666666666666664,55.666666666666664,55.333333333333336,73.33333333333333,87.33333333333333,97.33333333333333,103.66666666666667,95.66666666666667,78.33333333333333,64.0,61.666666666666664,64.66666666666667,58.666666666666664,55.0,57.0,65.0,69.0,68.0,67.0,67.0,57.0,54.0,52.0,52.0,53.0,51.0,45.0,41.0,56.666666666666664,60.666666666666664,68.66666666666667,75.66666666666667,75.66666666666667,68.66666666666667,63.666666666666664,62.666666666666664,71.66666666666667,70.66666666666667,69.66666666666667,69.66666666666667,68.66666666666667,68.66666666666667,67.66666666666667,66.66666666666667,72.66666666666667,72.66666666666667,71.66666666666667,68.66666666666667,66.66666666666667,64.66666666666667,63.666666666666664,64.66666666666667,71.66666666666667,64.66666666666667,64.66666666666667,70.66666666666667,67.66666666666667,55.666666666666664,52.666666666666664,58.0,68.0,66.33333333333333,68.33333333333333,72.33333333333333,77.33333333333333,81.33333333333333,100.66666666666667,100.66666666666667,100.66666666666667,100.66666666666667,101.0,102.0,103.0,103.0,103.0,104.0,104.0,104.0,104.0,104.0,104.33333333333333,102.66666666666667,101.66666666666667,102.66666666666667,103.66666666666667,104.66666666666667,105.66666666666667,105.66666666666667,104.66666666666667,104.66666666666667,98.66666666666667,101.66666666666667,102.66666666666667,102.66666666666667,102.66666666666667,101.66666666666667,92.66666666666667,81.0,80.0,70.0,67.0,71.0,71.33333333333333,67.33333333333333,72.33333333333333,82.33333333333333,84.33333333333333,77.33333333333333,72.33333333333333,74.33333333333333,76.0,69.0,64.0,69.0,79.66666666666667,78.66666666666667,79.66666666666667,82.66666666666667,82.66666666666667,80.66666666666667,81.66666666666667,84.66666666666667,64.66666666666667,58.666666666666664,75.66666666666667,75.66666666666667,69.66666666666667,73.66666666666667,70.66666666666667,80.66666666666667,78.66666666666667,76.66666666666667,73.33333333333333,70.33333333333333,68.33333333333333,67.33333333333333,67.66666666666667,67.66666666666667,70.66666666666667,69.66666666666667,67.0,68.0,71.0,73.0,74.0,74.0,73.66666666666667,83.66666666666667,70.0,54.333333333333336,57.666666666666664,55.666666666666664,61.333333333333336,84.0,93.0,99.33333333333333,102.66666666666667,93.66666666666667,76.33333333333333,63.0,58.666666666666664,59.666666666666664,51.666666666666664,50.0,52.0,60.0,64.0,65.0,66.0,69.0,59.0,55.0,51.0,50.0,53.0,55.0,54.0,52.0,64.66666666666667,63.666666666666664,66.66666666666667,70.66666666666667,65.66666666666667,56.666666666666664,53.666666666666664,56.666666666666664,71.66666666666667,70.66666666666667,68.66666666666667,66.66666666666667,66.66666666666667,68.66666666666667,71.66666666666667,74.66666666666667,74.66666666666667,73.66666666666667,70.66666666666667,64.66666666666667,59.666666666666664,57.666666666666664,59.666666666666664,62.666666666666664,69.66666666666667,60.666666666666664,55.666666666666664,57.666666666666664,55.666666666666664,50.666666666666664,51.666666666666664,57.0,57.0,60.0,65.0,71.0,76.0,77.0,98.66666666666667,98.66666666666667,99.66666666666667,100.66666666666667,102.0,103.0,103.0,103.0,105.0,105.0,104.0,104.0,104.33333333333333,104.33333333333333,105.33333333333333,105.0,102.33333333333333,102.66666666666667,102.66666666666667,103.66666666666667,104.66666666666667,103.66666666666667,103.66666666666667,103.66666666666667,104.66666666666667,105.66666666666667,103.66666666666667,99.66666666666667,99.66666666666667,101.66666666666667,99.66666666666667,94.33333333333333,95.0,73.0,59.0,63.0,67.33333333333333,69.33333333333333,78.33333333333333,92.33333333333333,83.33333333333333,85.33333333333333,76.33333333333333,72.33333333333333,74.0,69.0,69.0,84.0,84.66666666666667,85.66666666666667,87.66666666666667,86.66666666666667,84.66666666666667,82.66666666666667,82.66666666666667,83.66666666666667,59.666666666666664,61.666666666666664,80.66666666666667,81.66666666666667,77.66666666666667,74.66666666666667,63.666666666666664,73.66666666666667,79.66666666666667,76.66666666666667,73.33333333333333,70.33333333333333,69.33333333333333,70.33333333333333,71.66666666666667,73.66666666666667,72.66666666666667,71.66666666666667,72.0,74.0,77.0,78.0,77.0,75.0,68.66666666666667,75.66666666666667,72.0,65.33333333333333,65.66666666666667,66.66666666666667,75.33333333333333,89.0,87.0,88.0,85.66666666666667,78.66666666666667,67.33333333333333,58.0,51.666666666666664,49.666666666666664,43.666666666666664,42.0,44.0,50.0,54.0,55.0,57.0,62.0,58.0,57.0,57.0,59.0,63.0,68.0,72.0,73.0,75.66666666666667,71.66666666666667,71.66666666666667,72.66666666666667,64.66666666666667,53.666666666666664,52.666666666666664,58.666666666666664,66.66666666666667,66.66666666666667,64.66666666666667,59.666666666666664,56.666666666666664,59.666666666666664,67.66666666666667,74.66666666666667,67.66666666666667,66.66666666666667,64.66666666666667,58.666666666666664,52.666666666666664,50.666666666666664,53.666666666666664,56.666666666666664,63.666666666666664,57.666666666666664,50.666666666666664,46.666666666666664,46.666666666666664,49.666666666666664,53.666666666666664,55.666666666666664,57.0,63.0,70.0,74.0,74.0,72.0,100.66666666666667,100.66666666666667,101.66666666666667,101.66666666666667,102.0,102.0,102.0,102.0,106.0,106.0,105.33333333333333,105.33333333333333,105.33333333333333,105.33333333333333,106.33333333333333,106.0,104.33333333333333,103.66666666666667,102.66666666666667,102.66666666666667,102.66666666666667,101.66666666666667,101.66666666666667,101.66666666666667,102.66666666666667,104.66666666666667,103.66666666666667,98.66666666666667,97.66666666666667,102.66666666666667,106.66666666666667,106.33333333333333,104.0,90.0,74.0,67.0,69.0,76.0,81.33333333333333,85.33333333333333,74.33333333333333,88.33333333333333,84.33333333333333,75.33333333333333,75.0,70.0,78.0,105.0,92.66666666666667,92.66666666666667,91.66666666666667,91.66666666666667,92.66666666666667,92.66666666666667,89.66666666666667,85.66666666666667,66.66666666666667,65.66666666666667,77.66666666666667,76.66666666666667,79.66666666666667,76.66666666666667,58.666666666666664,66.66666666666667,76.66666666666667,76.66666666666667,75.33333333333333,75.33333333333333,75.33333333333333,76.33333333333333,76.66666666666667,77.66666666666667,79.66666666666667,77.66666666666667,76.0,77.0,78.0,79.0,77.0,75.0,70.66666666666667,69.66666666666667,74.0,74.33333333333333,68.33333333333333,72.33333333333333,84.0,86.33333333333333,82.33333333333333,76.0,68.66666666666667,63.333333333333336,61.333333333333336,57.0,49.666666666666664,42.666666666666664,42.666666666666664,40.0,42.0,47.0,49.0,49.0,52.0,58.0,55.0,58.0,63.0,67.0,71.0,74.0,78.0,81.0,82.66666666666667,77.66666666666667,77.66666666666667,78.66666666666667,70.66666666666667,58.666666666666664,57.666666666666664,66.66666666666667,65.66666666666667,67.66666666666667,65.66666666666667,57.666666666666664,48.666666666666664,47.666666666666664,55.666666666666664,63.666666666666664,58.666666666666664,62.333333333333336,64.33333333333333,61.333333333333336,56.333333333333336,53.333333333333336,54.333333333333336,57.333333333333336,62.333333333333336,64.33333333333333,59.333333333333336,51.333333333333336,54.333333333333336,64.33333333333333,66.33333333333333,60.666666666666664,65.0,72.0,78.0,77.0,71.0,65.0,102.66666666666667,102.66666666666667,102.66666666666667,102.66666666666667,102.0,101.0,100.0,99.0,107.0,106.0,106.33333333333333,105.33333333333333,105.33333333333333,106.33333333333333,106.33333333333333,107.0,106.33333333333333,104.66666666666667,103.66666666666667,101.66666666666667,100.66666666666667,100.66666666666667,100.66666666666667,100.66666666666667,92.66666666666667,98.66666666666667,101.66666666666667,99.66666666666667,98.66666666666667,102.66666666666667,107.66666666666667,108.66666666666667,105.66666666666667,108.0,101.0,88.0,88.0,99.0,99.66666666666667,90.66666666666667,81.66666666666667,84.66666666666667,71.66666666666667,69.66666666666667,88.66666666666667,91.0,89.66666666666667,103.0,99.0,96.0,94.0,96.0,102.0,105.0,100.0,92.66666666666667,74.66666666666667,66.66666666666667,66.66666666666667,63.666666666666664,74.66666666666667,75.33333333333333,58.666666666666664,66.66666666666667,76.66666666666667,77.66666666666667,78.33333333333333,80.33333333333333,80.33333333333333,80.33333333333333,78.66666666666667,78.66666666666667,85.66666666666667,82.66666666666667,79.0,77.0,77.0,77.0,76.0,74.0,80.66666666666667,69.66666666666667,74.66666666666667,74.66666666666667,62.333333333333336,70.33333333333333,85.33333333333333,82.33333333333333,81.33333333333333,71.0,60.333333333333336,57.333333333333336,61.333333333333336,60.0,52.0,43.0,46.666666666666664,44.0,45.0,49.0,50.0,50.0,53.0,59.0,50.0,57.0,65.0,70.0,71.0,71.0,73.0,75.0,78.66666666666667,74.66666666666667,75.66666666666667,79.66666666666667,72.66666666666667,59.666666666666664,58.666666666666664,68.66666666666667,61.666666666666664,66.66666666666667,66.66666666666667,58.666666666666664,46.666666666666664,43.666666666666664,51.666666666666664,61.666666666666664,60.333333333333336,65.66666666666667,72.33333333333333,73.33333333333333,69.33333333333333,65.33333333333333,65.33333333333333,67.33333333333333,65.33333333333333,74.33333333333333,73.66666666666667,65.66666666666667,68.66666666666667,82.66666666666667,80.66666666666667,67.66666666666667,69.66666666666667,75.0,79.0,73.0,62.0,54.0,105.66666666666667,104.66666666666667,102.66666666666667,101.66666666666667,99.66666666666667,99.66666666666667,99.66666666666667,99.66666666666667,94.66666666666667,96.66666666666667,100.66666666666667,103.66666666666667,104.66666666666667,103.66666666666667,101.66666666666667,99.66666666666667,100.33333333333333,100.33333333333333,100.33333333333333,100.33333333333333,100.33333333333333,100.33333333333333,100.33333333333333,100.33333333333333,95.33333333333333,98.33333333333333,100.33333333333333,101.33333333333333,100.33333333333333,99.33333333333333,99.33333333333333,99.33333333333333,96.66666666666667,104.66666666666667,104.66666666666667,97.66666666666667,95.66666666666667,100.66666666666667,101.66666666666667,95.66666666666667,101.66666666666667,85.66666666666667,78.66666666666667,85.66666666666667,92.66666666666667,90.66666666666667,90.66666666666667,95.66666666666667,93.33333333333333,100.33333333333333,102.66666666666667,99.66666666666667,98.66666666666667,100.66666666666667,96.66666666666667,89.0,82.0,85.0,83.33333333333333,77.33333333333333,72.33333333333333,70.66666666666667,73.33333333333333,75.33333333333333,83.0,74.0,74.33333333333333,74.0,70.66666666666667,76.33333333333333,81.33333333333333,74.33333333333333,83.66666666666667,78.66666666666667,71.0,67.0,67.0,70.0,72.0,74.0,72.0,70.66666666666667,63.333333333333336,59.333333333333336,73.66666666666667,99.0,110.33333333333333,107.66666666666667,100.33333333333333,85.0,68.66666666666667,61.666666666666664,57.666666666666664,52.666666666666664,54.666666666666664,58.666666666666664,54.666666666666664,55.666666666666664,56.666666666666664,55.666666666666664,53.0,53.0,54.0,55.0,45.0,62.0,69.0,70.0,76.0,74.33333333333333,71.0,76.0,71.0,73.66666666666667,75.66666666666667,76.66666666666667,72.66666666666667,67.66666666666667,66.66666666666667,67.66666666666667,66.66666666666667,59.666666666666664,52.666666666666664,49.666666666666664,44.666666666666664,41.666666666666664,47.666666666666664,57.666666666666664,63.666666666666664,70.33333333333333,73.66666666666667,71.66666666666667,71.0,73.0,73.0,72.0,78.66666666666667,73.66666666666667,70.66666666666667,70.66666666666667,71.33333333333333,69.33333333333333,68.33333333333333,67.66666666666667,70.66666666666667,68.66666666666667,61.666666666666664,54.666666666666664,52.666666666666664,54.666666666666664,103.66666666666667,103.66666666666667,103.66666666666667,102.66666666666667,101.66666666666667,101.66666666666667,100.66666666666667,100.66666666666667,97.66666666666667,98.66666666666667,100.66666666666667,102.66666666666667,103.66666666666667,102.66666666666667,101.66666666666667,100.66666666666667,101.33333333333333,101.33333333333333,101.33333333333333,101.33333333333333,101.33333333333333,101.33333333333333,101.33333333333333,101.33333333333333,97.33333333333333,99.33333333333333,101.33333333333333,102.33333333333333,101.33333333333333,100.33333333333333,101.33333333333333,103.33333333333333,98.33333333333333,102.33333333333333,104.33333333333333,101.33333333333333,100.33333333333333,103.33333333333333,104.33333333333333,103.33333333333333,100.33333333333333,86.33333333333333,81.33333333333333,89.33333333333333,98.33333333333333,98.33333333333333,99.33333333333333,105.33333333333333,96.33333333333333,99.33333333333333,99.33333333333333,95.33333333333333,93.33333333333333,94.66666666666667,92.66666666666667,86.0,82.0,81.0,78.0,73.33333333333333,72.33333333333333,73.66666666666667,78.33333333333333,80.33333333333333,79.33333333333333,72.33333333333333,75.33333333333333,78.33333333333333,74.66666666666667,78.66666666666667,81.33333333333333,73.33333333333333,75.66666666666667,73.66666666666667,71.0,71.0,71.0,70.0,67.0,65.0,70.66666666666667,71.33333333333333,66.33333333333333,63.333333333333336,75.33333333333333,95.0,102.33333333333333,96.66666666666667,96.33333333333333,82.0,65.66666666666667,58.666666666666664,57.0,58.0,64.66666666666667,72.66666666666667,69.33333333333333,67.66666666666667,65.66666666666667,65.66666666666667,65.0,64.0,61.0,59.0,79.0,97.0,91.0,70.0,66.33333333333333,71.33333333333333,70.33333333333333,70.0,65.0,68.66666666666667,71.66666666666667,68.66666666666667,61.666666666666664,58.666666666666664,64.66666666666667,71.66666666666667,73.66666666666667,69.66666666666667,65.66666666666667,60.666666666666664,51.666666666666664,43.666666666666664,47.666666666666664,55.0,65.66666666666667,68.33333333333333,69.33333333333333,69.33333333333333,73.0,78.0,76.0,72.0,69.66666666666667,68.66666666666667,67.66666666666667,68.66666666666667,68.33333333333333,66.33333333333333,64.33333333333333,63.333333333333336,67.66666666666667,67.66666666666667,66.66666666666667,65.66666666666667,66.66666666666667,69.66666666666667,99.66666666666667,100.66666666666667,101.66666666666667,102.66666666666667,102.66666666666667,101.66666666666667,99.66666666666667,98.66666666666667,100.66666666666667,101.66666666666667,101.66666666666667,101.66666666666667,101.66666666666667,101.66666666666667,101.66666666666667,101.66666666666667,101.33333333333333,101.33333333333333,101.33333333333333,101.33333333333333,101.33333333333333,101.33333333333333,101.33333333333333,101.33333333333333,98.33333333333333,99.33333333333333,100.33333333333333,100.33333333333333,100.33333333333333,101.33333333333333,103.33333333333333,105.33333333333333,102.33333333333333,100.33333333333333,102.33333333333333,104.33333333333333,102.33333333333333,99.33333333333333,100.33333333333333,104.33333333333333,101.33333333333333,90.33333333333333,85.33333333333333,93.33333333333333,100.33333333333333,100.33333333333333,102.33333333333333,106.33333333333333,97.66666666666667,96.66666666666667,92.66666666666667,85.66666666666667,83.66666666666667,85.66666666666667,85.66666666666667,83.0,79.0,75.0,70.0,70.0,72.0,76.33333333333333,81.0,84.0,73.33333333333333,67.33333333333333,71.33333333333333,75.33333333333333,72.33333333333333,76.33333333333333,78.33333333333333,72.33333333333333,75.66666666666667,73.66666666666667,71.66666666666667,71.66666666666667,70.0,69.0,66.0,63.0,71.66666666666667,64.33333333333333,49.333333333333336,37.333333333333336,43.666666666666664,63.0,74.33333333333333,75.33333333333333,80.0,71.33333333333333,62.333333333333336,60.333333333333336,61.0,65.0,70.66666666666667,77.66666666666667,74.33333333333333,70.66666666666667,68.66666666666667,68.66666666666667,69.66666666666667,68.66666666666667,65.0,61.0,74.0,98.0,90.0,61.0,56.333333333333336,68.33333333333333,70.33333333333333,66.0,56.0,62.666666666666664,65.66666666666667,58.666666666666664,50.666666666666664,51.666666666666664,62.666666666666664,72.66666666666667,63.666666666666664,64.66666666666667,66.66666666666667,65.66666666666667,58.666666666666664,51.666666666666664,52.666666666666664,58.0,68.66666666666667,69.33333333333333,67.33333333333333,67.33333333333333,71.0,74.0,69.66666666666667,61.666666666666664,61.666666666666664,64.66666666666667,67.33333333333333,66.33333333333333,63.333333333333336,60.333333333333336,58.333333333333336,56.333333333333336,63.666666666666664,65.66666666666667,69.66666666666667,74.66666666666667,77.66666666666667,77.66666666666667,94.66666666666667,95.66666666666667,98.66666666666667,100.66666666666667,100.66666666666667,99.66666666666667,98.66666666666667,96.66666666666667,103.66666666666667,102.66666666666667,101.66666666666667,100.66666666666667,100.66666666666667,100.66666666666667,101.66666666666667,102.66666666666667,102.33333333333333,102.33333333333333,102.33333333333333,102.33333333333333,102.33333333333333,102.33333333333333,102.33333333333333,102.33333333333333,98.33333333333333,99.33333333333333,99.33333333333333,99.33333333333333,98.33333333333333,100.33333333333333,103.33333333333333,106.33333333333333,106.33333333333333,100.33333333333333,100.33333333333333,104.33333333333333,101.33333333333333,92.33333333333333,92.33333333333333,99.33333333333333,104.33333333333333,96.33333333333333,91.33333333333333,95.33333333333333,98.33333333333333,97.33333333333333,96.33333333333333,97.66666666666667,98.0,93.66666666666667,85.66666666666667,78.66666666666667,75.66666666666667,77.66666666666667,80.0,82.0,76.0,70.0,67.0,70.0,75.0,78.0,80.0,81.0,77.33333333333333,67.33333333333333,68.33333333333333,72.33333333333333,68.33333333333333,73.33333333333333,80.33333333333333,80.33333333333333,87.33333333333333,81.66666666666667,74.66666666666667,69.66666666666667,68.66666666666667,70.0,72.0,73.0,85.0,76.66666666666667,61.333333333333336,49.666666666666664,49.666666666666664,61.333333333333336,67.0,67.0,58.0,58.333333333333336,60.333333333333336,64.33333333333333,67.0,68.0,68.66666666666667,68.66666666666667,69.33333333333333,68.66666666666667,68.66666666666667,67.66666666666667,66.66666666666667,65.66666666666667,64.0,63.0,47.0,71.0,73.0,57.0,56.333333333333336,63.333333333333336,61.333333333333336,60.0,51.0,56.666666666666664,58.666666666666664,53.666666666666664,49.666666666666664,52.666666666666664,61.666666666666664,67.66666666666667,58.666666666666664,59.666666666666664,61.666666666666664,64.66666666666667,63.666666666666664,59.666666666666664,55.666666666666664,53.666666666666664,56.666666666666664,61.333333333333336,65.33333333333333,66.33333333333333,69.0,70.0,65.66666666666667,58.666666666666664,60.666666666666664,64.66666666666667,65.33333333333333,60.333333333333336,55.333333333333336,53.333333333333336,52.333333333333336,50.333333333333336,50.666666666666664,54.666666666666664,63.666666666666664,74.66666666666667,78.66666666666667,77.66666666666667,94.66666666666667,96.66666666666667,98.66666666666667,100.66666666666667,101.66666666666667,100.66666666666667,99.66666666666667,97.66666666666667,104.66666666666667,102.66666666666667,100.66666666666667,99.66666666666667,99.66666666666667,100.66666666666667,101.66666666666667,102.66666666666667,102.33333333333333,102.33333333333333,102.33333333333333,102.33333333333333,102.33333333333333,102.33333333333333,102.33333333333333,102.33333333333333,100.33333333333333,101.33333333333333,101.33333333333333,101.33333333333333,100.33333333333333,101.33333333333333,104.33333333333333,107.33333333333333,105.33333333333333,100.33333333333333,99.33333333333333,104.33333333333333,100.33333333333333,91.33333333333333,91.33333333333333,99.33333333333333,106.33333333333333,100.33333333333333,96.33333333333333,97.33333333333333,98.33333333333333,96.33333333333333,94.33333333333333,92.66666666666667,95.66666666666667,88.0,79.0,73.0,71.0,73.0,78.0,83.0,78.66666666666667,73.66666666666667,72.66666666666667,79.66666666666667,84.66666666666667,82.66666666666667,79.66666666666667,80.66666666666667,87.66666666666667,73.66666666666667,70.66666666666667,71.66666666666667,67.33333333333333,73.33333333333333,88.33333333333333,93.66666666666667,95.33333333333333,89.33333333333333,81.33333333333333,75.66666666666667,74.66666666666667,75.66666666666667,77.66666666666667,78.0,74.0,78.66666666666667,83.33333333333333,85.66666666666667,85.33333333333333,79.66666666666667,67.33333333333333,56.333333333333336,52.333333333333336,56.666666666666664,60.333333333333336,63.333333333333336,65.0,67.0,66.66666666666667,65.66666666666667,68.33333333333333,70.33333333333333,70.66666666666667,66.66666666666667,61.666666666666664,59.666666666666664,61.0,63.0,51.0,62.0,65.0,63.0,64.0,55.0,48.0,53.0,49.0,54.666666666666664,56.666666666666664,54.666666666666664,56.666666666666664,61.666666666666664,62.666666666666664,59.666666666666664,68.66666666666667,64.66666666666667,61.666666666666664,62.666666666666664,64.66666666666667,61.666666666666664,50.666666666666664,40.666666666666664,40.0,53.0,66.0,70.0,69.0,70.0,69.66666666666667,67.66666666666667,63.333333333333336,65.33333333333333,61.333333333333336,52.333333333333336,49.333333333333336,50.333333333333336,51.333333333333336,47.333333333333336,41.666666666666664,45.666666666666664,56.666666666666664,71.66666666666667,78.66666666666667,75.66666666666667,97.66666666666667,98.66666666666667,100.66666666666667,101.66666666666667,102.66666666666667,102.66666666666667,101.66666666666667,100.66666666666667,101.66666666666667,100.66666666666667,99.66666666666667,98.66666666666667,98.66666666666667,99.66666666666667,101.66666666666667,102.66666666666667,101.33333333333333,101.33333333333333,101.33333333333333,101.33333333333333,101.33333333333333,101.33333333333333,101.33333333333333,101.33333333333333,103.33333333333333,104.33333333333333,105.33333333333333,104.33333333333333,103.33333333333333,103.33333333333333,105.33333333333333,107.33333333333333,100.33333333333333,99.33333333333333,100.33333333333333,103.33333333333333,101.33333333333333,98.33333333333333,99.33333333333333,103.33333333333333,102.33333333333333,100.33333333333333,99.33333333333333,99.33333333333333,100.33333333333333,100.33333333333333,98.33333333333333,96.66666666666667,90.66666666666667,82.0,75.0,72.0,72.0,73.0,80.0,87.0,85.66666666666667,80.66666666666667,82.66666666666667,92.33333333333333,94.33333333333333,87.33333333333333,83.66666666666667,86.66666666666667,90.33333333333333,74.66666666666667,71.66666666666667,73.66666666666667,67.66666666666667,72.33333333333333,88.33333333333333,97.33333333333333,93.0,90.33333333333333,87.33333333333333,85.33333333333333,84.33333333333333,80.66666666666667,76.66666666666667,73.66666666666667,64.66666666666667,70.0,78.66666666666667,85.33333333333333,87.66666666666667,81.33333333333333,70.66666666666667,62.666666666666664,63.666666666666664,66.33333333333333,64.66666666666667,60.333333333333336,60.0,64.66666666666667,70.0,71.66666666666667,69.33333333333333,68.33333333333333,65.66666666666667,60.666666666666664,55.666666666666664,53.666666666666664,55.666666666666664,58.0,62.0,63.0,59.0,61.0,65.0,53.0,44.0,52.0,50.666666666666664,57.666666666666664,61.666666666666664,60.666666666666664,64.66666666666667,69.66666666666667,63.666666666666664,53.666666666666664,65.66666666666667,61.666666666666664,56.666666666666664,54.666666666666664,58.666666666666664,59.666666666666664,51.666666666666664,39.666666666666664,49.0,64.0,75.0,74.0,68.0,65.0,64.66666666666667,64.66666666666667,63.333333333333336,64.33333333333333,58.333333333333336,50.333333333333336,52.333333333333336,59.333333333333336,61.333333333333336,56.333333333333336,62.333333333333336,60.666666666666664,65.66666666666667,74.66666666666667,74.66666666666667,65.66666666666667,98.66666666666667,98.66666666666667,98.66666666666667,99.66666666666667,99.66666666666667,99.66666666666667,99.66666666666667,99.66666666666667,98.66666666666667,97.66666666666667,97.66666666666667,98.66666666666667,98.66666666666667,99.66666666666667,100.66666666666667,101.66666666666667,101.33333333333333,101.33333333333333,101.33333333333333,101.33333333333333,101.33333333333333,101.33333333333333,101.33333333333333,101.33333333333333,102.33333333333333,103.33333333333333,105.33333333333333,104.33333333333333,103.33333333333333,101.33333333333333,102.33333333333333,102.33333333333333,96.33333333333333,101.33333333333333,102.33333333333333,99.33333333333333,98.33333333333333,101.33333333333333,103.33333333333333,102.33333333333333,96.33333333333333,97.33333333333333,98.33333333333333,98.33333333333333,99.33333333333333,100.33333333333333,99.33333333333333,96.66666666666667,84.33333333333333,76.66666666666667,73.33333333333333,74.33333333333333,75.66666666666667,77.66666666666667,84.0,93.0,90.66666666666667,85.66666666666667,89.66666666666667,97.33333333333333,96.33333333333333,88.33333333333333,87.33333333333333,94.33333333333333,89.33333333333333,76.33333333333333,79.33333333333333,85.33333333333333,79.33333333333333,77.66666666666667,88.66666666666667,95.33333333333333,92.33333333333333,89.0,86.0,83.33333333333333,81.33333333333333,78.33333333333333,74.33333333333333,70.66666666666667,76.66666666666667,75.0,75.0,77.66666666666667,80.33333333333333,80.66666666666667,82.66666666666667,83.33333333333333,69.33333333333333,72.66666666666667,69.66666666666667,61.666666666666664,59.0,65.66666666666667,71.0,72.0,71.33333333333333,64.33333333333333,56.333333333333336,54.333333333333336,58.333333333333336,61.666666666666664,61.666666666666664,60.666666666666664,60.0,63.0,57.0,56.0,65.0,61.0,50.0,48.0,51.666666666666664,62.666666666666664,69.66666666666667,67.66666666666667,67.66666666666667,70.66666666666667,64.66666666666667,53.666666666666664,64.66666666666667,64.66666666666667,60.666666666666664,55.666666666666664,56.666666666666664,60.666666666666664,59.666666666666664,54.666666666666664,68.0,75.0,78.0,71.0,63.666666666666664,60.666666666666664,60.333333333333336,59.333333333333336,63.333333333333336,65.33333333333333,62.333333333333336,60.333333333333336,69.33333333333333,83.33333333333333,84.33333333333333,75.33333333333333,83.33333333333333,75.33333333333333,72.33333333333333,75.33333333333333,68.33333333333333,52.333333333333336,96.66666666666667,95.66666666666667,94.66666666666667,94.66666666666667,94.66666666666667,94.66666666666667,95.66666666666667,96.66666666666667,95.66666666666667,96.66666666666667,96.66666666666667,97.66666666666667,98.66666666666667,99.66666666666667,100.66666666666667,100.66666666666667,100.33333333333333,100.33333333333333,100.33333333333333,100.33333333333333,100.33333333333333,100.33333333333333,100.33333333333333,100.33333333333333,98.33333333333333,100.33333333333333,102.33333333333333,102.33333333333333,99.33333333333333,97.33333333333333,96.33333333333333,96.33333333333333,95.33333333333333,103.33333333333333,103.33333333333333,96.33333333333333,94.33333333333333,99.33333333333333,100.33333333333333,94.33333333333333,93.33333333333333,95.33333333333333,96.33333333333333,95.33333333333333,96.33333333333333,96.33333333333333,95.33333333333333,91.66666666666667,81.33333333333333,73.66666666666667,72.33333333333333,76.33333333333333,78.66666666666667,80.66666666666667,87.0,96.0,90.66666666666667,85.66666666666667,89.33333333333333,96.33333333333333,93.33333333333333,85.33333333333333,87.33333333333333,97.33333333333333,93.66666666666667,84.33333333333333,93.33333333333333,104.33333333333333,96.33333333333333,90.33333333333333,95.0,98.66666666666667,95.66666666666667,89.33333333333333,80.0,74.0,72.0,72.33333333333333,73.33333333333333,73.33333333333333,69.0,67.66666666666667,70.66666666666667,74.0,74.66666666666667,73.33333333333333,72.33333333333333,72.66666666666667,66.33333333333333,73.33333333333333,73.33333333333333,66.66666666666667,64.0,66.66666666666667,69.0,66.0,76.33333333333333,64.33333333333333,52.333333333333336,55.333333333333336,68.33333333333333,79.33333333333333,77.66666666666667,72.66666666666667,58.666666666666664,70.0,66.0,59.0,69.0,70.0,52.0,36.0,51.666666666666664,66.66666666666667,75.66666666666667,71.66666666666667,66.66666666666667,68.66666666666667,64.66666666666667,55.666666666666664,81.66666666666667,85.66666666666667,81.66666666666667,68.66666666666667,60.666666666666664,61.666666666666664,65.66666666666667,64.66666666666667,68.0,70.0,68.0,62.0,60.666666666666664,63.666666666666664,66.33333333333333,65.33333333333333,63.333333333333336,67.33333333333333,68.33333333333333,71.33333333333333,86.33333333333333,104.33333333333333,105.33333333333333,94.33333333333333,79.33333333333333,70.33333333333333,66.33333333333333,68.33333333333333,61.333333333333336,48.333333333333336,99.66666666666667,99.66666666666667,98.66666666666667,98.66666666666667,98.66666666666667,98.66666666666667,98.66666666666667,97.66666666666667,99.66666666666667,99.66666666666667,99.66666666666667,99.66666666666667,99.66666666666667,99.66666666666667,99.66666666666667,99.66666666666667,99.33333333333333,99.33333333333333,99.33333333333333,100.33333333333333,100.33333333333333,101.33333333333333,101.33333333333333,101.33333333333333,97.33333333333333,98.33333333333333,98.33333333333333,99.33333333333333,99.33333333333333,100.33333333333333,100.33333333333333,101.33333333333333,103.33333333333333,100.33333333333333,97.33333333333333,97.33333333333333,99.33333333333333,100.33333333333333,99.33333333333333,97.33333333333333,95.33333333333333,95.33333333333333,97.33333333333333,99.33333333333333,100.33333333333333,96.33333333333333,88.33333333333333,80.66666666666667,78.66666666666667,73.33333333333333,69.33333333333333,72.33333333333333,80.66666666666667,88.66666666666667,92.33333333333333,93.33333333333333,88.66666666666667,88.66666666666667,89.33333333333333,90.33333333333333,90.66666666666667,91.66666666666667,92.0,91.66666666666667,92.66666666666667,94.33333333333333,95.33333333333333,97.33333333333333,95.66666666666667,94.33333333333333,92.33333333333333,90.33333333333333,87.0,80.66666666666667,76.66666666666667,77.66666666666667,77.0,73.0,72.0,73.33333333333333,69.0,69.0,72.0,76.66666666666667,77.0,74.66666666666667,72.66666666666667,71.33333333333333,69.66666666666667,71.66666666666667,72.66666666666667,71.0,67.66666666666667,65.66666666666667,66.66666666666667,69.0,71.33333333333333,57.666666666666664,53.666666666666664,52.666666666666664,72.33333333333333,83.33333333333333,71.33333333333333,80.66666666666667,62.666666666666664,71.66666666666667,78.0,78.0,74.0,69.0,60.0,52.0,49.666666666666664,55.666666666666664,65.66666666666667,72.66666666666667,75.66666666666667,72.66666666666667,66.66666666666667,61.666666666666664,59.666666666666664,70.66666666666667,78.66666666666667,72.66666666666667,63.666666666666664,61.666666666666664,65.66666666666667,68.66666666666667,60.666666666666664,64.66666666666667,67.66666666666667,67.66666666666667,65.33333333333333,63.333333333333336,63.333333333333336,65.33333333333333,61.333333333333336,67.33333333333333,73.33333333333333,88.33333333333333,103.66666666666667,94.66666666666667,78.66666666666667,76.33333333333333,66.33333333333333,60.333333333333336,70.33333333333333,58.333333333333336,65.33333333333333,45.333333333333336,99.66666666666667,98.66666666666667,98.66666666666667,98.66666666666667,98.66666666666667,97.66666666666667,97.66666666666667,97.66666666666667,99.66666666666667,99.66666666666667,99.66666666666667,99.66666666666667,99.66666666666667,99.66666666666667,99.66666666666667,99.66666666666667,99.33333333333333,99.33333333333333,99.33333333333333,100.33333333333333,100.33333333333333,100.33333333333333,101.33333333333333,101.33333333333333,98.33333333333333,98.33333333333333,99.33333333333333,99.33333333333333,99.33333333333333,99.33333333333333,100.33333333333333,100.33333333333333,102.33333333333333,99.33333333333333,97.33333333333333,97.33333333333333,99.33333333333333,100.33333333333333,99.33333333333333,97.33333333333333,96.33333333333333,96.33333333333333,97.33333333333333,99.33333333333333,100.33333333333333,96.33333333333333,89.33333333333333,83.66666666666667,78.66666666666667,76.33333333333333,75.66666666666667,79.66666666666667,86.66666666666667,92.33333333333333,91.33333333333333,89.33333333333333,89.66666666666667,89.66666666666667,91.33333333333333,91.33333333333333,92.66666666666667,92.66666666666667,93.0,92.66666666666667,94.0,94.66666666666667,95.66666666666667,96.33333333333333,94.66666666666667,93.66666666666667,90.66666666666667,89.33333333333333,83.0,79.0,77.0,77.66666666666667,76.0,72.0,73.0,76.0,75.66666666666667,78.0,80.0,80.0,75.66666666666667,72.0,72.0,75.0,69.0,71.0,72.0,71.0,69.66666666666667,67.66666666666667,68.66666666666667,70.66666666666667,61.333333333333336,53.666666666666664,60.666666666666664,68.66666666666667,89.33333333333333,95.33333333333333,73.33333333333333,75.33333333333333,67.66666666666667,73.66666666666667,76.66666666666667,73.0,71.0,69.0,65.0,60.0,62.666666666666664,62.666666666666664,63.666666666666664,64.66666666666667,64.66666666666667,64.66666666666667,64.66666666666667,64.66666666666667,49.666666666666664,62.666666666666664,71.66666666666667,70.66666666666667,66.66666666666667,65.66666666666667,66.66666666666667,66.66666666666667,54.666666666666664,58.666666666666664,63.666666666666664,66.66666666666667,66.33333333333333,62.333333333333336,59.333333333333336,58.333333333333336,70.33333333333333,83.33333333333333,88.33333333333333,90.33333333333333,93.66666666666667,81.66666666666667,65.66666666666667,63.666666666666664,67.33333333333333,63.333333333333336,67.33333333333333,62.333333333333336,61.333333333333336,48.333333333333336,98.66666666666667,98.66666666666667,98.66666666666667,97.66666666666667,97.66666666666667,96.66666666666667,96.66666666666667,96.66666666666667,99.66666666666667,99.66666666666667,99.66666666666667,99.66666666666667,99.66666666666667,99.66666666666667,99.66666666666667,99.66666666666667,99.33333333333333,99.33333333333333,99.33333333333333,99.33333333333333,100.33333333333333,100.33333333333333,100.33333333333333,101.33333333333333,100.33333333333333,100.33333333333333,99.33333333333333,99.33333333333333,99.33333333333333,99.33333333333333,98.33333333333333,98.33333333333333,100.33333333333333,98.33333333333333,97.33333333333333,97.33333333333333,99.33333333333333,100.33333333333333,100.33333333333333,99.33333333333333,97.33333333333333,97.33333333333333,98.33333333333333,99.33333333333333,99.33333333333333,97.33333333333333,92.33333333333333,86.66666666666667,81.33333333333333,81.66666666666667,85.33333333333333,90.33333333333333,95.33333333333333,95.66666666666667,90.66666666666667,85.66666666666667,92.33333333333333,92.33333333333333,92.33333333333333,92.33333333333333,93.33333333333333,93.33333333333333,94.66666666666667,94.66666666666667,95.0,94.66666666666667,95.66666666666667,95.66666666666667,94.66666666666667,92.33333333333333,89.66666666666667,87.66666666666667,79.66666666666667,78.33333333333333,79.0,80.0,77.0,73.0,75.0,80.0,84.66666666666667,87.66666666666667,88.66666666666667,81.0,73.0,69.66666666666667,72.66666666666667,77.66666666666667,68.66666666666667,70.66666666666667,72.66666666666667,72.66666666666667,71.0,70.0,71.0,72.66666666666667,59.333333333333336,55.666666666666664,67.66666666666667,78.66666666666667,99.66666666666667,100.66666666666667,71.33333333333333,69.33333333333333,74.33333333333333,75.66666666666667,73.66666666666667,67.66666666666667,66.66666666666667,69.66666666666667,69.0,66.0,67.66666666666667,65.66666666666667,62.666666666666664,58.666666666666664,55.666666666666664,54.666666666666664,53.666666666666664,54.666666666666664,50.666666666666664,60.666666666666664,69.66666666666667,72.66666666666667,72.66666666666667,71.66666666666667,67.66666666666667,61.666666666666664,47.666666666666664,50.666666666666664,57.333333333333336,62.333333333333336,64.33333333333333,61.333333333333336,55.333333333333336,50.333333333333336,77.33333333333333,98.33333333333333,103.66666666666667,93.66666666666667,87.66666666666667,78.66666666666667,69.66666666666667,67.66666666666667,70.33333333333333,70.33333333333333,65.33333333333333,69.33333333333333,59.333333333333336,56.333333333333336,98.66666666666667,98.66666666666667,97.66666666666667,97.66666666666667,96.66666666666667,95.66666666666667,95.66666666666667,95.66666666666667,98.66666666666667,98.66666666666667,98.66666666666667,98.66666666666667,98.66666666666667,98.66666666666667,98.66666666666667,98.66666666666667,98.33333333333333,98.33333333333333,99.33333333333333,99.33333333333333,99.33333333333333,100.33333333333333,100.33333333333333,100.33333333333333,101.33333333333333,100.33333333333333,100.33333333333333,99.33333333333333,99.33333333333333,98.33333333333333,98.33333333333333,97.33333333333333,99.33333333333333,98.33333333333333,97.33333333333333,97.33333333333333,98.33333333333333,99.33333333333333,99.33333333333333,99.33333333333333,98.33333333333333,98.33333333333333,99.33333333333333,99.33333333333333,98.33333333333333,97.33333333333333,94.33333333333333,92.33333333333333,87.66666666666667,88.66666666666667,92.66666666666667,96.66666666666667,98.66666666666667,96.66666666666667,90.66666666666667,85.66666666666667,91.33333333333333,92.33333333333333,92.33333333333333,92.33333333333333,93.33333333333333,93.33333333333333,93.33333333333333,95.0,95.0,95.0,95.0,94.66666666666667,92.66666666666667,90.66666666666667,88.33333333333333,86.66666666666667,78.66666666666667,79.66666666666667,82.66666666666667,84.0,80.0,75.0,79.0,86.66666666666667,92.0,91.66666666666667,86.66666666666667,77.66666666666667,70.66666666666667,71.0,75.66666666666667,77.0,69.0,69.66666666666667,72.66666666666667,73.66666666666667,73.0,73.0,73.0,73.66666666666667,68.33333333333333,63.666666666666664,71.66666666666667,77.66666666666667,95.66666666666667,94.66666666666667,67.33333333333333,67.33333333333333,76.33333333333333,76.33333333333333,70.66666666666667,63.666666666666664,63.666666666666664,66.66666666666667,67.0,64.0,65.66666666666667,65.66666666666667,64.66666666666667,62.666666666666664,58.666666666666664,53.666666666666664,49.666666666666664,46.666666666666664,63.666666666666664,69.66666666666667,73.66666666666667,74.66666666666667,76.66666666666667,74.66666666666667,66.66666666666667,57.666666666666664,44.666666666666664,45.666666666666664,49.333333333333336,55.333333333333336,59.333333333333336,57.333333333333336,51.333333333333336,45.333333333333336,84.33333333333333,105.33333333333333,105.66666666666667,87.66666666666667,80.66666666666667,78.66666666666667,73.66666666666667,70.66666666666667,76.66666666666667,77.33333333333333,66.33333333333333,78.33333333333333,61.333333333333336,66.33333333333333,98.66666666666667,98.66666666666667,97.66666666666667,96.66666666666667,95.66666666666667,94.66666666666667,94.66666666666667,93.66666666666667,98.66666666666667,98.66666666666667,98.66666666666667,98.66666666666667,98.66666666666667,98.66666666666667,98.66666666666667,98.66666666666667,98.33333333333333,98.33333333333333,98.33333333333333,99.33333333333333,99.33333333333333,99.33333333333333,100.33333333333333,100.33333333333333,101.33333333333333,100.33333333333333,100.33333333333333,99.33333333333333,99.33333333333333,98.33333333333333,98.33333333333333,97.33333333333333,98.33333333333333,98.33333333333333,98.33333333333333,97.33333333333333,97.33333333333333,97.33333333333333,98.33333333333333,99.33333333333333,99.33333333333333,99.33333333333333,99.33333333333333,98.33333333333333,97.33333333333333,96.33333333333333,96.33333333333333,96.33333333333333,94.66666666666667,95.66666666666667,96.66666666666667,97.66666666666667,97.66666666666667,95.66666666666667,92.66666666666667,89.66666666666667,90.66666666666667,91.66666666666667,91.33333333333333,91.33333333333333,92.33333333333333,92.33333333333333,92.33333333333333,93.66666666666667,96.0,96.0,95.0,94.0,93.0,90.66666666666667,89.66666666666667,88.66666666666667,82.33333333333333,83.66666666666667,87.66666666666667,89.66666666666667,85.66666666666667,81.66666666666667,85.0,91.66666666666667,95.0,91.0,80.0,70.0,70.0,75.66666666666667,79.0,75.66666666666667,70.66666666666667,71.0,72.66666666666667,74.66666666666667,75.0,75.0,73.0,72.66666666666667,72.66666666666667,69.0,77.0,81.0,93.66666666666667,91.66666666666667,67.66666666666667,70.66666666666667,74.33333333333333,73.33333333333333,67.66666666666667,61.666666666666664,61.666666666666664,63.666666666666664,61.666666666666664,56.666666666666664,60.666666666666664,61.666666666666664,63.666666666666664,64.66666666666667,64.66666666666667,63.666666666666664,61.666666666666664,59.666666666666664,74.66666666666667,74.66666666666667,73.66666666666667,72.66666666666667,73.66666666666667,73.66666666666667,65.66666666666667,55.666666666666664,47.333333333333336,46.333333333333336,46.333333333333336,49.333333333333336,53.333333333333336,54.333333333333336,50.333333333333336,46.333333333333336,91.66666666666667,105.66666666666667,96.66666666666667,76.66666666666667,73.66666666666667,74.66666666666667,68.66666666666667,64.66666666666667,84.66666666666667,85.33333333333333,73.33333333333333,86.33333333333333,71.33333333333333,78.33333333333333,98.66666666666667,97.66666666666667,96.66666666666667,95.66666666666667,94.66666666666667,93.66666666666667,92.66666666666667,92.66666666666667,97.66666666666667,97.66666666666667,97.66666666666667,97.66666666666667,97.66666666666667,97.66666666666667,97.66666666666667,97.66666666666667,97.33333333333333,98.33333333333333,98.33333333333333,98.33333333333333,99.33333333333333,99.33333333333333,99.33333333333333,99.33333333333333,100.33333333333333,100.33333333333333,99.33333333333333,99.33333333333333,99.33333333333333,99.33333333333333,98.33333333333333,98.33333333333333,98.33333333333333,99.33333333333333,99.33333333333333,98.33333333333333,96.33333333333333,95.33333333333333,96.33333333333333,98.33333333333333,98.33333333333333,98.33333333333333,98.33333333333333,96.33333333333333,94.33333333333333,95.33333333333333,97.33333333333333,100.33333333333333,99.0,98.0,97.33333333333333,95.0,94.0,93.0,92.0,90.66666666666667,90.66666666666667,90.33333333333333,91.33333333333333,91.33333333333333,92.33333333333333,92.33333333333333,92.33333333333333,92.33333333333333,96.0,96.66666666666667,95.0,94.0,93.0,92.0,90.66666666666667,90.66666666666667,87.33333333333333,87.33333333333333,90.66666666666667,93.66666666666667,91.66666666666667,87.66666666666667,89.0,93.66666666666667,94.66666666666667,88.0,75.0,64.0,67.0,78.0,80.0,74.0,72.66666666666667,72.66666666666667,73.0,74.66666666666667,75.0,74.0,71.0,68.66666666666667,66.66666666666667,70.0,85.0,89.0,96.66666666666667,91.66666666666667,68.66666666666667,74.66666666666667,69.33333333333333,68.33333333333333,64.66666666666667,60.666666666666664,60.666666666666664,62.666666666666664,58.666666666666664,51.666666666666664,52.666666666666664,52.666666666666664,53.666666666666664,56.666666666666664,61.666666666666664,66.66666666666667,71.66666666666667,74.66666666666667,72.66666666666667,71.66666666666667,67.66666666666667,65.66666666666667,68.66666666666667,70.66666666666667,64.66666666666667,55.666666666666664,51.333333333333336,49.333333333333336,47.333333333333336,47.333333333333336,49.333333333333336,50.333333333333336,50.333333333333336,50.333333333333336,85.66666666666667,94.66666666666667,86.66666666666667,76.66666666666667,82.66666666666667,85.66666666666667,80.66666666666667,79.66666666666667,92.66666666666667,89.33333333333333,83.33333333333333,90.33333333333333,86.33333333333333,89.33333333333333,98.66666666666667,97.66666666666667,96.66666666666667,95.66666666666667,94.66666666666667,92.66666666666667,91.66666666666667,91.66666666666667,97.66666666666667,97.66666666666667,97.66666666666667,97.66666666666667,97.66666666666667,97.66666666666667,97.66666666666667,97.66666666666667,97.33333333333333,97.33333333333333,98.33333333333333,98.33333333333333,98.33333333333333,99.33333333333333,99.33333333333333,99.33333333333333,98.33333333333333,98.33333333333333,99.33333333333333,99.33333333333333,99.33333333333333,99.33333333333333,100.33333333333333,100.33333333333333,99.33333333333333,100.33333333333333,100.33333333333333,98.33333333333333,95.33333333333333,93.33333333333333,95.33333333333333,97.33333333333333,98.33333333333333,98.33333333333333,97.33333333333333,94.33333333333333,92.33333333333333,93.33333333333333,98.33333333333333,102.66666666666667,98.33333333333333,97.33333333333333,97.0,93.33333333333333,91.33333333333333,89.0,90.0,89.66666666666667,92.66666666666667,92.33333333333333,92.33333333333333,91.66666666666667,92.66666666666667,92.66666666666667,93.66666666666667,94.33333333333333,96.0,96.66666666666667,95.66666666666667,94.66666666666667,94.0,93.0,93.0,94.0,91.66666666666667,89.66666666666667,91.33333333333333,95.33333333333333,95.66666666666667,92.66666666666667,91.66666666666667,93.66666666666667,91.66666666666667,89.33333333333333,77.33333333333333,63.333333333333336,64.33333333333333,76.33333333333333,80.33333333333333,75.0,75.66666666666667,74.66666666666667,74.0,74.66666666666667,75.0,73.0,67.66666666666667,63.0,65.66666666666667,73.0,89.0,89.0,91.66666666666667,84.66666666666667,65.66666666666667,76.66666666666667,65.33333333333333,64.33333333333333,61.333333333333336,58.333333333333336,60.666666666666664,63.666666666666664,60.666666666666664,53.666666666666664,49.666666666666664,52.666666666666664,55.666666666666664,60.666666666666664,64.66666666666667,68.66666666666667,70.66666666666667,71.66666666666667,67.66666666666667,67.66666666666667,65.66666666666667,63.666666666666664,64.66666666666667,66.66666666666667,61.666666666666664,53.666666666666664,53.333333333333336,53.333333333333336,52.333333333333336,50.333333333333336,49.333333333333336,49.333333333333336,50.333333333333336,52.333333333333336,74.66666666666667,83.66666666666667,85.66666666666667,88.66666666666667,99.66666666666667,99.66666666666667,95.66666666666667,99.66666666666667,97.66666666666667,90.66666666666667,92.66666666666667,91.66666666666667,100.66666666666667,95.66666666666667,97.66666666666667,97.66666666666667,96.66666666666667,95.66666666666667,93.66666666666667,92.66666666666667,91.66666666666667,90.66666666666667,97.66666666666667,97.66666666666667,97.66666666666667,97.66666666666667,97.66666666666667,97.66666666666667,97.66666666666667,97.66666666666667,97.33333333333333,97.33333333333333,97.33333333333333,98.33333333333333,98.33333333333333,99.33333333333333,99.33333333333333,99.33333333333333,97.33333333333333,98.33333333333333,98.33333333333333,99.33333333333333,99.33333333333333,100.33333333333333,100.33333333333333,101.33333333333333,100.33333333333333,101.33333333333333,101.33333333333333,98.33333333333333,94.33333333333333,92.33333333333333,93.33333333333333,96.33333333333333,97.33333333333333,97.33333333333333,96.33333333333333,93.33333333333333,91.33333333333333,92.33333333333333,98.33333333333333,103.66666666666667,96.33333333333333,96.33333333333333,95.33333333333333,93.33333333333333,90.33333333333333,88.0,88.0,87.66666666666667,93.66666666666667,93.33333333333333,93.33333333333333,93.66666666666667,94.33333333333333,94.66666666666667,94.66666666666667,95.33333333333333,96.0,96.0,95.66666666666667,94.0,94.0,95.0,95.0,95.0,93.66666666666667,90.66666666666667,91.33333333333333,96.33333333333333,97.66666666666667,94.66666666666667,92.66666666666667,93.33333333333333,89.66666666666667,90.0,81.0,65.0,62.0,72.0,79.0,76.0,76.66666666666667,75.66666666666667,74.0,75.0,74.66666666666667,71.0,65.0,60.666666666666664,71.66666666666667,77.0,89.0,83.0,80.66666666666667,73.66666666666667,60.666666666666664,77.66666666666667,63.333333333333336,61.333333333333336,58.333333333333336,56.0,60.0,65.66666666666667,64.0,58.0,57.0,63.0,71.33333333333333,78.0,80.33333333333333,76.0,69.33333333333333,65.0,68.33333333333333,69.0,68.33333333333333,65.0,65.33333333333333,65.0,59.333333333333336,51.333333333333336,53.333333333333336,56.333333333333336,57.333333333333336,54.333333333333336,51.333333333333336,49.333333333333336,50.333333333333336,53.333333333333336,71.66666666666667,81.66666666666667,88.66666666666667,97.66666666666667,105.66666666666667,97.66666666666667,90.66666666666667,98.66666666666667,100.66666666666667,90.33333333333333,98.66666666666667,91.33333333333333,109.66666666666667,99.33333333333333,100.33333333333333,99.33333333333333,97.33333333333333,96.33333333333333,95.33333333333333,94.33333333333333,94.33333333333333,94.33333333333333,91.33333333333333,93.33333333333333,96.33333333333333,99.33333333333333,100.33333333333333,99.33333333333333,97.33333333333333,95.33333333333333,100.66666666666667,100.66666666666667,100.66666666666667,100.66666666666667,100.66666666666667,99.66666666666667,97.66666666666667,97.66666666666667,100.66666666666667,98.66666666666667,96.66666666666667,97.66666666666667,99.66666666666667,100.66666666666667,99.66666666666667,96.66666666666667,92.33333333333333,97.33333333333333,101.33333333333333,101.33333333333333,97.33333333333333,95.33333333333333,98.33333333333333,102.33333333333333,97.33333333333333,96.33333333333333,94.33333333333333,93.33333333333333,94.33333333333333,96.33333333333333,98.33333333333333,100.33333333333333,93.66666666666667,95.66666666666667,95.66666666666667,93.66666666666667,89.66666666666667,86.33333333333333,84.33333333333333,83.33333333333333,93.33333333333333,95.33333333333333,97.33333333333333,94.66666666666667,92.33333333333333,88.66666666666667,89.66666666666667,92.33333333333333,95.33333333333333,92.33333333333333,91.0,91.33333333333333,94.66666666666667,94.33333333333333,91.33333333333333,88.33333333333333,94.33333333333333,94.33333333333333,94.33333333333333,94.33333333333333,94.33333333333333,94.33333333333333,94.33333333333333,93.66666666666667,102.0,85.66666666666667,64.66666666666667,53.666666666666664,60.666666666666664,73.66666666666667,76.66666666666667,71.66666666666667,75.0,73.0,72.0,73.0,75.0,71.66666666666667,65.66666666666667,60.333333333333336,66.0,81.0,91.33333333333333,84.0,73.0,72.0,75.66666666666667,78.66666666666667,66.66666666666667,58.666666666666664,58.666666666666664,67.33333333333333,75.33333333333333,72.66666666666667,68.33333333333333,66.33333333333333,60.666666666666664,66.66666666666667,73.0,75.66666666666667,74.0,69.66666666666667,66.0,63.666666666666664,68.0,54.666666666666664,69.0,74.66666666666667,56.0,59.666666666666664,65.0,42.666666666666664,50.333333333333336,56.666666666666664,58.666666666666664,52.666666666666664,48.333333333333336,49.333333333333336,54.333333333333336,55.333333333333336,87.33333333333333,98.33333333333333,99.0,95.0,99.0,98.0,94.0,96.66666666666667,93.33333333333333,95.33333333333333,97.33333333333333,99.33333333333333,100.33333333333333,99.33333333333333,98.33333333333333,98.33333333333333,96.33333333333333,95.33333333333333,95.33333333333333,94.33333333333333,95.33333333333333,95.33333333333333,93.33333333333333,95.33333333333333,97.33333333333333,99.33333333333333,100.33333333333333,99.33333333333333,98.33333333333333,98.33333333333333,99.66666666666667,100.66666666666667,100.66666666666667,100.66666666666667,99.66666666666667,99.66666666666667,98.66666666666667,97.66666666666667,101.66666666666667,99.66666666666667,98.66666666666667,98.66666666666667,101.66666666666667,102.66666666666667,100.66666666666667,98.66666666666667,94.33333333333333,97.33333333333333,100.33333333333333,99.33333333333333,96.33333333333333,95.33333333333333,96.33333333333333,98.33333333333333,98.33333333333333,96.33333333333333,95.33333333333333,94.33333333333333,94.33333333333333,95.33333333333333,97.33333333333333,99.33333333333333,94.33333333333333,95.33333333333333,96.33333333333333,94.33333333333333,90.33333333333333,87.33333333333333,85.33333333333333,85.33333333333333,88.33333333333333,91.33333333333333,95.33333333333333,95.33333333333333,94.33333333333333,92.33333333333333,93.33333333333333,94.33333333333333,93.33333333333333,92.33333333333333,92.33333333333333,93.33333333333333,95.33333333333333,94.33333333333333,91.33333333333333,87.33333333333333,94.33333333333333,94.33333333333333,94.33333333333333,94.33333333333333,94.33333333333333,94.33333333333333,94.33333333333333,93.66666666666667,93.66666666666667,78.0,62.0,57.0,63.0,71.0,74.0,74.0,76.0,77.0,78.0,76.0,73.0,69.0,66.0,64.33333333333333,71.0,83.33333333333333,90.33333333333333,83.33333333333333,73.0,70.0,69.66666666666667,69.66666666666667,72.66666666666667,64.66666666666667,63.333333333333336,71.33333333333333,78.33333333333333,78.33333333333333,74.33333333333333,73.33333333333333,72.0,72.0,72.0,71.0,70.0,70.0,72.0,75.0,57.0,56.0,68.0,70.0,54.0,56.0,64.0,53.0,52.333333333333336,57.666666666666664,59.666666666666664,54.666666666666664,52.333333333333336,53.333333333333336,56.333333333333336,55.333333333333336,85.33333333333333,96.33333333333333,96.0,92.0,96.0,95.0,90.33333333333333,93.66666666666667,94.33333333333333,95.66666666666667,97.66666666666667,98.66666666666667,98.66666666666667,98.66666666666667,96.33333333333333,96.33333333333333,95.33333333333333,94.33333333333333,94.33333333333333,95.33333333333333,95.33333333333333,96.33333333333333,95.33333333333333,95.33333333333333,96.33333333333333,97.33333333333333,98.33333333333333,99.33333333333333,99.33333333333333,99.33333333333333,99.66666666666667,99.66666666666667,99.66666666666667,100.66666666666667,99.66666666666667,98.66666666666667,98.66666666666667,97.66666666666667,100.66666666666667,98.66666666666667,97.66666666666667,98.66666666666667,99.66666666666667,100.66666666666667,99.66666666666667,98.66666666666667,96.33333333333333,96.33333333333333,97.33333333333333,97.33333333333333,97.33333333333333,96.33333333333333,95.33333333333333,95.33333333333333,98.33333333333333,97.33333333333333,96.33333333333333,94.33333333333333,94.33333333333333,95.33333333333333,96.33333333333333,97.33333333333333,95.33333333333333,96.33333333333333,97.33333333333333,95.33333333333333,91.33333333333333,89.33333333333333,88.33333333333333,88.33333333333333,84.33333333333333,88.33333333333333,92.33333333333333,94.33333333333333,95.33333333333333,95.33333333333333,96.33333333333333,97.33333333333333,92.33333333333333,92.33333333333333,93.33333333333333,94.33333333333333,96.33333333333333,94.33333333333333,91.33333333333333,88.33333333333333,93.33333333333333,93.33333333333333,93.33333333333333,93.33333333333333,93.33333333333333,93.33333333333333,93.33333333333333,92.66666666666667,90.0,76.66666666666667,66.66666666666667,67.66666666666667,69.66666666666667,67.66666666666667,69.66666666666667,75.66666666666667,73.66666666666667,77.66666666666667,79.66666666666667,76.66666666666667,71.66666666666667,68.66666666666667,70.66666666666667,73.66666666666667,79.0,86.33333333333333,89.33333333333333,85.33333333333333,78.0,74.0,70.66666666666667,67.66666666666667,80.66666666666667,73.66666666666667,69.66666666666667,73.33333333333333,78.33333333333333,78.33333333333333,75.33333333333333,74.66666666666667,75.0,72.0,66.0,59.0,57.0,63.0,75.0,84.0,61.0,71.0,77.0,69.0,58.0,56.0,60.0,62.0,54.333333333333336,58.333333333333336,60.333333333333336,58.333333333333336,57.666666666666664,58.666666666666664,58.333333333333336,53.333333333333336,86.0,98.0,97.0,92.0,96.0,95.0,89.66666666666667,92.66666666666667,96.33333333333333,96.66666666666667,96.66666666666667,96.66666666666667,96.66666666666667,96.66666666666667,95.33333333333333,94.33333333333333,94.33333333333333,93.33333333333333,94.33333333333333,94.33333333333333,95.33333333333333,96.33333333333333,93.33333333333333,93.33333333333333,92.33333333333333,92.33333333333333,93.33333333333333,95.33333333333333,96.33333333333333,98.33333333333333,98.66666666666667,98.66666666666667,99.66666666666667,99.66666666666667,99.66666666666667,98.66666666666667,98.66666666666667,97.66666666666667,96.66666666666667,96.66666666666667,95.66666666666667,95.66666666666667,96.66666666666667,96.66666666666667,96.66666666666667,95.66666666666667,97.33333333333333,96.33333333333333,96.33333333333333,97.33333333333333,99.33333333333333,99.33333333333333,98.33333333333333,96.33333333333333,99.33333333333333,98.33333333333333,96.33333333333333,95.33333333333333,95.33333333333333,95.33333333333333,95.33333333333333,96.33333333333333,96.33333333333333,97.33333333333333,97.33333333333333,96.33333333333333,93.33333333333333,90.33333333333333,90.33333333333333,91.33333333333333,87.33333333333333,88.33333333333333,89.33333333333333,91.33333333333333,92.33333333333333,95.33333333333333,97.33333333333333,99.33333333333333,94.33333333333333,93.33333333333333,93.33333333333333,93.33333333333333,93.33333333333333,93.33333333333333,92.33333333333333,91.33333333333333,92.33333333333333,92.33333333333333,92.33333333333333,92.33333333333333,92.33333333333333,92.33333333333333,92.33333333333333,91.66666666666667,93.0,80.66666666666667,77.0,81.66666666666667,78.0,66.66666666666667,67.0,76.66666666666667,71.0,72.66666666666667,75.0,73.66666666666667,73.0,74.66666666666667,78.0,82.0,86.33333333333333,88.33333333333333,89.33333333333333,88.33333333333333,86.0,82.0,76.66666666666667,71.66666666666667,85.66666666666667,79.66666666666667,73.66666666666667,72.66666666666667,73.33333333333333,73.33333333333333,71.33333333333333,69.66666666666667,72.0,72.0,66.0,56.0,49.0,56.0,77.0,94.0,78.0,90.0,85.0,68.0,59.0,53.0,49.0,52.0,54.0,57.333333333333336,59.333333333333336,58.333333333333336,60.666666666666664,61.666666666666664,58.333333333333336,51.333333333333336,90.0,102.0,100.0,96.0,100.0,98.0,93.66666666666667,95.66666666666667,98.66666666666667,97.66666666666667,96.66666666666667,95.66666666666667,94.66666666666667,94.66666666666667,94.33333333333333,93.33333333333333,93.33333333333333,93.33333333333333,93.33333333333333,94.33333333333333,94.33333333333333,95.33333333333333,90.33333333333333,89.33333333333333,88.33333333333333,87.33333333333333,88.33333333333333,90.33333333333333,92.33333333333333,94.33333333333333,97.66666666666667,97.66666666666667,98.66666666666667,99.66666666666667,99.66666666666667,98.66666666666667,98.66666666666667,97.66666666666667,95.66666666666667,96.66666666666667,96.66666666666667,96.66666666666667,95.66666666666667,95.66666666666667,96.66666666666667,96.66666666666667,97.33333333333333,96.33333333333333,96.33333333333333,98.33333333333333,101.33333333333333,102.33333333333333,101.33333333333333,99.33333333333333,98.33333333333333,98.33333333333333,97.33333333333333,96.33333333333333,95.33333333333333,95.33333333333333,95.33333333333333,95.33333333333333,96.33333333333333,97.33333333333333,97.33333333333333,96.33333333333333,93.33333333333333,92.33333333333333,92.33333333333333,94.33333333333333,94.33333333333333,91.33333333333333,88.33333333333333,87.33333333333333,88.33333333333333,92.33333333333333,96.33333333333333,98.33333333333333,96.33333333333333,95.33333333333333,93.33333333333333,91.33333333333333,90.33333333333333,91.33333333333333,93.33333333333333,95.33333333333333,92.33333333333333,92.33333333333333,92.33333333333333,92.33333333333333,92.33333333333333,92.33333333333333,92.33333333333333,91.66666666666667,95.0,86.0,87.0,92.0,87.0,73.0,74.0,84.0,80.0,77.0,76.0,76.0,81.0,84.0,86.0,85.66666666666667,91.66666666666667,88.66666666666667,87.66666666666667,87.66666666666667,87.0,83.0,76.0,72.0,86.0,82.0,76.0,72.0,72.0,73.0,71.0,69.0,67.66666666666667,72.66666666666667,73.66666666666667,64.66666666666667,54.666666666666664,60.666666666666664,83.66666666666667,104.66666666666667,89.66666666666667,97.66666666666667,85.66666666666667,66.66666666666667,60.666666666666664,54.666666666666664,42.666666666666664,35.0,51.333333333333336,55.666666666666664,57.666666666666664,58.666666666666664,60.333333333333336,61.333333333333336,57.333333333333336,50.333333333333336,91.0,102.0,101.0,97.0,101.66666666666667,100.66666666666667,94.66666666666667,97.66666666666667,99.66666666666667,98.66666666666667,97.66666666666667,95.66666666666667,95.66666666666667,95.66666666666667,94.33333333333333,93.33333333333333,93.33333333333333,92.33333333333333,92.33333333333333,92.33333333333333,93.33333333333333,93.33333333333333,87.33333333333333,87.33333333333333,86.33333333333333,86.33333333333333,87.33333333333333,88.33333333333333,90.33333333333333,91.33333333333333,96.66666666666667,96.66666666666667,97.66666666666667,98.66666666666667,98.66666666666667,98.66666666666667,98.66666666666667,97.66666666666667,98.66666666666667,99.66666666666667,100.66666666666667,99.66666666666667,98.66666666666667,97.66666666666667,98.66666666666667,100.66666666666667,97.33333333333333,98.33333333333333,99.33333333333333,100.33333333333333,101.33333333333333,101.33333333333333,101.33333333333333,101.33333333333333,97.33333333333333,97.33333333333333,96.33333333333333,96.33333333333333,96.33333333333333,96.33333333333333,95.33333333333333,95.33333333333333,96.33333333333333,97.33333333333333,97.33333333333333,95.33333333333333,93.33333333333333,92.33333333333333,94.33333333333333,95.33333333333333,98.33333333333333,94.33333333333333,88.33333333333333,86.33333333333333,87.33333333333333,90.33333333333333,93.33333333333333,95.33333333333333,96.33333333333333,96.33333333333333,95.33333333333333,92.33333333333333,90.33333333333333,91.33333333333333,93.33333333333333,96.33333333333333,91.33333333333333,91.33333333333333,91.33333333333333,91.33333333333333,91.33333333333333,91.33333333333333,91.33333333333333,91.33333333333333,92.66666666666667,88.0,90.66666666666667,94.0,91.66666666666667,84.0,85.66666666666667,93.0,93.66666666666667,88.0,84.66666666666667,85.0,89.66666666666667,91.0,90.66666666666667,87.0,93.66666666666667,87.66666666666667,82.66666666666667,82.66666666666667,80.0,74.0,68.0,66.0,83.0,82.0,78.0,73.0,72.0,75.0,74.0,71.0,58.666666666666664,66.66666666666667,71.66666666666667,67.66666666666667,61.666666666666664,67.66666666666667,85.66666666666667,102.66666666666667,95.66666666666667,95.66666666666667,88.66666666666667,75.66666666666667,70.66666666666667,71.66666666666667,59.666666666666664,39.666666666666664,49.333333333333336,53.666666666666664,58.0,58.0,58.333333333333336,59.333333333333336,56.333333333333336,51.333333333333336,87.0,99.0,98.0,94.0,99.66666666666667,98.66666666666667,93.66666666666667,97.33333333333333,98.66666666666667,98.66666666666667,98.66666666666667,97.66666666666667,97.66666666666667,97.66666666666667,95.33333333333333,94.33333333333333,93.33333333333333,92.33333333333333,91.33333333333333,91.33333333333333,91.33333333333333,91.33333333333333,88.33333333333333,88.33333333333333,88.33333333333333,88.33333333333333,89.33333333333333,90.33333333333333,92.33333333333333,92.33333333333333,95.66666666666667,96.66666666666667,97.66666666666667,98.66666666666667,98.66666666666667,98.66666666666667,98.66666666666667,98.66666666666667,98.66666666666667,100.66666666666667,102.66666666666667,101.66666666666667,98.66666666666667,98.66666666666667,99.66666666666667,101.66666666666667,98.33333333333333,100.33333333333333,103.33333333333333,102.33333333333333,98.33333333333333,96.33333333333333,97.33333333333333,99.33333333333333,95.33333333333333,95.33333333333333,96.33333333333333,96.33333333333333,97.33333333333333,97.33333333333333,96.33333333333333,96.33333333333333,95.33333333333333,96.33333333333333,96.33333333333333,94.33333333333333,92.33333333333333,92.33333333333333,94.33333333333333,96.33333333333333,97.33333333333333,93.33333333333333,89.33333333333333,88.33333333333333,90.33333333333333,91.33333333333333,91.33333333333333,89.33333333333333,92.33333333333333,95.33333333333333,97.33333333333333,96.33333333333333,94.33333333333333,92.33333333333333,92.33333333333333,94.33333333333333,90.33333333333333,90.33333333333333,90.33333333333333,90.33333333333333,90.33333333333333,90.33333333333333,90.33333333333333,90.33333333333333,90.33333333333333,90.66666666666667,92.66666666666667,90.66666666666667,90.66666666666667,89.66666666666667,92.66666666666667,94.66666666666667,95.66666666666667,92.66666666666667,92.66666666666667,90.66666666666667,91.66666666666667,90.66666666666667,91.66666666666667,89.66666666666667,90.0,81.0,75.0,75.0,72.0,66.0,63.0,65.0,85.0,86.0,81.0,74.0,71.0,73.0,71.0,65.0,54.666666666666664,59.0,64.0,67.0,71.0,78.0,88.0,95.0,96.0,92.0,96.0,92.0,84.0,93.0,87.0,55.666666666666664,47.333333333333336,55.333333333333336,61.0,59.0,57.0,57.0,57.0,55.0,84.0,95.0,95.66666666666667,92.66666666666667,97.66666666666667,97.66666666666667,94.33333333333333,97.33333333333333,96.66666666666667,97.66666666666667,99.66666666666667,100.66666666666667,100.66666666666667,99.66666666666667,95.33333333333333,94.33333333333333,93.33333333333333,92.33333333333333,91.33333333333333,90.33333333333333,90.33333333333333,90.33333333333333,90.33333333333333,90.33333333333333,91.33333333333333,92.33333333333333,93.33333333333333,93.33333333333333,94.33333333333333,94.33333333333333,95.66666666666667,95.66666666666667,96.66666666666667,98.66666666666667,98.66666666666667,98.66666666666667,98.66666666666667,98.66666666666667,96.66666666666667,99.66666666666667,100.66666666666667,99.66666666666667,97.66666666666667,96.66666666666667,98.66666666666667,100.66666666666667,99.33333333333333,103.33333333333333,105.33333333333333,102.33333333333333,96.33333333333333,91.33333333333333,93.33333333333333,96.33333333333333,94.33333333333333,94.33333333333333,95.33333333333333,96.33333333333333,97.33333333333333,97.33333333333333,97.33333333333333,97.33333333333333,95.33333333333333,95.33333333333333,95.33333333333333,93.33333333333333,92.33333333333333,92.33333333333333,94.33333333333333,96.33333333333333,93.33333333333333,91.33333333333333,90.33333333333333,91.33333333333333,93.33333333333333,93.33333333333333,89.33333333333333,86.33333333333333,88.33333333333333,93.33333333333333,99.33333333333333,100.33333333333333,97.33333333333333,93.33333333333333,91.33333333333333,90.33333333333333,90.33333333333333,90.33333333333333,90.33333333333333,90.33333333333333,90.33333333333333,90.33333333333333,90.33333333333333,90.33333333333333,92.66666666666667,94.66666666666667,93.66666666666667,87.66666666666667,86.66666666666667,90.66666666666667,91.66666666666667,89.66666666666667,87.66666666666667,90.66666666666667,93.66666666666667,92.66666666666667,89.66666666666667,88.66666666666667,90.66666666666667,92.66666666666667,85.0,76.0,71.0,71.0,70.0,65.0,65.0,70.0,89.0,90.0,85.0,74.0,68.0,67.0,62.0,55.0,61.0,59.0,60.0,69.0,82.0,92.0,95.0,94.0,91.0,85.0,99.0,101.0,87.0,100.0,101.0,64.33333333333333,48.0,57.0,63.0,60.0,56.0,56.0,58.0,58.0,83.0,95.0,95.66666666666667,92.66666666666667,98.66666666666667,98.66666666666667,95.33333333333333,98.33333333333333,95.66666666666667,97.66666666666667,99.66666666666667,101.66666666666667,102.66666666666667,101.66666666666667,88.33333333333333,91.33333333333333,94.33333333333333,93.33333333333333,89.33333333333333,87.33333333333333,88.33333333333333,90.33333333333333,91.33333333333333,91.33333333333333,92.33333333333333,94.33333333333333,95.33333333333333,96.33333333333333,93.33333333333333,91.33333333333333,96.66666666666667,96.66666666666667,96.66666666666667,96.66666666666667,96.66666666666667,96.66666666666667,96.66666666666667,96.66666666666667,97.66666666666667,98.66666666666667,99.66666666666667,101.66666666666667,101.66666666666667,100.66666666666667,99.66666666666667,99.66666666666667,98.33333333333333,100.33333333333333,101.33333333333333,98.33333333333333,94.33333333333333,92.33333333333333,93.33333333333333,94.33333333333333,92.33333333333333,94.33333333333333,95.33333333333333,95.33333333333333,93.33333333333333,93.33333333333333,95.33333333333333,96.33333333333333,94.33333333333333,93.33333333333333,92.33333333333333,91.33333333333333,91.33333333333333,91.33333333333333,91.33333333333333,91.33333333333333,92.33333333333333,92.33333333333333,92.33333333333333,91.33333333333333,91.33333333333333,90.33333333333333,90.33333333333333,90.33333333333333,86.33333333333333,89.33333333333333,93.33333333333333,96.33333333333333,97.33333333333333,95.33333333333333,92.33333333333333,90.33333333333333,88.33333333333333,88.33333333333333,90.33333333333333,93.33333333333333,95.33333333333333,94.33333333333333,91.33333333333333,87.33333333333333,87.0,89.0,90.0,89.0,87.0,87.0,90.0,93.0,96.0,92.0,87.0,87.0,91.0,92.0,89.0,84.66666666666667,73.66666666666667,70.66666666666667,68.66666666666667,66.66666666666667,63.666666666666664,63.666666666666664,74.66666666666667,86.66666666666667,92.0,93.0,85.0,73.0,71.0,76.66666666666667,73.0,61.0,73.66666666666667,64.66666666666667,75.66666666666667,84.66666666666667,77.66666666666667,85.66666666666667,97.66666666666667,88.66666666666667,91.66666666666667,95.66666666666667,89.66666666666667,96.66666666666667,97.66666666666667,98.66666666666667,97.66666666666667,66.33333333333333,56.0,52.0,53.0,59.0,63.0,60.0,57.0,56.0,81.66666666666667,91.66666666666667,102.33333333333333,105.33333333333333,99.33333333333333,94.33333333333333,93.33333333333333,94.33333333333333,95.66666666666667,95.66666666666667,95.66666666666667,95.66666666666667,95.66666666666667,95.66666666666667,90.33333333333333,92.33333333333333,93.33333333333333,91.33333333333333,88.33333333333333,87.33333333333333,88.33333333333333,90.33333333333333,92.33333333333333,92.33333333333333,92.33333333333333,94.33333333333333,96.33333333333333,96.33333333333333,94.33333333333333,92.33333333333333,96.66666666666667,96.66666666666667,96.66666666666667,96.66666666666667,96.66666666666667,96.66666666666667,96.66666666666667,96.66666666666667,95.66666666666667,96.66666666666667,97.66666666666667,98.66666666666667,99.66666666666667,98.66666666666667,97.66666666666667,97.66666666666667,96.33333333333333,98.33333333333333,99.33333333333333,97.33333333333333,94.33333333333333,92.33333333333333,93.33333333333333,94.33333333333333,88.33333333333333,89.33333333333333,90.33333333333333,91.33333333333333,92.33333333333333,92.33333333333333,92.33333333333333,91.33333333333333,94.33333333333333,94.33333333333333,93.33333333333333,92.33333333333333,91.33333333333333,91.33333333333333,92.33333333333333,92.33333333333333,92.33333333333333,92.33333333333333,92.33333333333333,91.33333333333333,91.33333333333333,90.33333333333333,90.33333333333333,90.33333333333333,87.33333333333333,89.33333333333333,91.33333333333333,93.33333333333333,93.33333333333333,91.33333333333333,89.33333333333333,87.33333333333333,90.33333333333333,91.33333333333333,93.33333333333333,95.33333333333333,97.33333333333333,97.33333333333333,93.33333333333333,90.33333333333333,89.0,91.0,92.0,91.0,89.0,89.0,92.0,94.0,97.0,93.0,90.0,91.0,94.0,94.0,91.0,86.66666666666667,73.66666666666667,66.66666666666667,63.666666666666664,66.66666666666667,71.66666666666667,76.66666666666667,82.66666666666667,89.66666666666667,90.0,97.0,96.0,87.0,85.0,92.0,93.0,87.33333333333333,84.66666666666667,76.66666666666667,85.66666666666667,91.66666666666667,83.66666666666667,90.66666666666667,99.66666666666667,90.66666666666667,91.66666666666667,95.66666666666667,89.66666666666667,95.66666666666667,94.66666666666667,94.66666666666667,94.66666666666667,64.66666666666667,57.0,54.0,55.0,59.0,60.0,56.0,53.0,54.0,87.66666666666667,92.66666666666667,99.33333333333333,100.33333333333333,97.33333333333333,94.33333333333333,94.33333333333333,96.33333333333333,94.66666666666667,94.66666666666667,94.66666666666667,94.66666666666667,94.66666666666667,94.66666666666667,92.33333333333333,92.33333333333333,91.33333333333333,89.33333333333333,86.33333333333333,86.33333333333333,88.33333333333333,90.33333333333333,93.33333333333333,93.33333333333333,92.33333333333333,94.33333333333333,96.33333333333333,96.33333333333333,95.33333333333333,93.33333333333333,96.66666666666667,96.66666666666667,96.66666666666667,96.66666666666667,96.66666666666667,96.66666666666667,96.66666666666667,96.66666666666667,93.66666666666667,94.66666666666667,95.66666666666667,96.66666666666667,96.66666666666667,96.66666666666667,95.66666666666667,95.66666666666667,95.33333333333333,96.33333333333333,97.33333333333333,96.33333333333333,93.33333333333333,92.33333333333333,93.33333333333333,94.33333333333333,92.33333333333333,91.33333333333333,92.33333333333333,95.33333333333333,99.33333333333333,100.33333333333333,97.33333333333333,93.33333333333333,95.33333333333333,94.33333333333333,93.33333333333333,92.33333333333333,92.33333333333333,92.33333333333333,93.33333333333333,93.33333333333333,92.33333333333333,92.33333333333333,92.33333333333333,91.33333333333333,91.33333333333333,90.33333333333333,90.33333333333333,90.33333333333333,84.33333333333333,85.33333333333333,87.33333333333333,88.33333333333333,89.33333333333333,89.33333333333333,89.33333333333333,89.33333333333333,91.33333333333333,91.33333333333333,92.33333333333333,95.33333333333333,97.33333333333333,96.33333333333333,93.33333333333333,91.33333333333333,88.66666666666667,89.66666666666667,90.66666666666667,89.66666666666667,88.66666666666667,88.66666666666667,90.66666666666667,92.66666666666667,94.66666666666667,92.66666666666667,90.66666666666667,91.66666666666667,94.66666666666667,93.66666666666667,89.66666666666667,85.33333333333333,78.33333333333333,67.66666666666667,62.666666666666664,70.66666666666667,81.66666666666667,87.66666666666667,89.0,90.0,83.0,93.0,98.33333333333333,93.33333333333333,91.33333333333333,96.33333333333333,100.33333333333333,98.33333333333333,93.66666666666667,87.66666666666667,92.66666666666667,95.66666666666667,89.66666666666667,92.66666666666667,97.66666666666667,91.66666666666667,92.66666666666667,94.66666666666667,89.66666666666667,95.66666666666667,92.66666666666667,90.66666666666667,92.66666666666667,65.66666666666667,58.333333333333336,57.333333333333336,57.666666666666664,59.333333333333336,56.333333333333336,51.333333333333336,50.666666666666664,53.666666666666664,95.33333333333333,95.33333333333333,95.33333333333333,94.33333333333333,94.66666666666667,95.66666666666667,96.66666666666667,96.66666666666667,91.66666666666667,91.66666666666667,91.66666666666667,91.66666666666667,91.66666666666667,91.66666666666667,93.33333333333333,91.33333333333333,89.33333333333333,87.33333333333333,85.33333333333333,86.33333333333333,88.33333333333333,89.33333333333333,94.33333333333333,93.33333333333333,93.33333333333333,94.33333333333333,96.33333333333333,96.33333333333333,95.33333333333333,94.33333333333333,95.66666666666667,95.66666666666667,95.66666666666667,95.66666666666667,95.66666666666667,95.66666666666667,95.66666666666667,95.66666666666667,93.66666666666667,93.66666666666667,94.66666666666667,94.66666666666667,95.66666666666667,95.66666666666667,95.66666666666667,95.66666666666667,94.33333333333333,94.33333333333333,95.33333333333333,94.33333333333333,93.33333333333333,93.33333333333333,93.33333333333333,94.33333333333333,96.33333333333333,94.33333333333333,94.33333333333333,99.33333333333333,105.33333333333333,106.33333333333333,101.33333333333333,95.33333333333333,94.33333333333333,94.33333333333333,93.33333333333333,93.33333333333333,92.33333333333333,93.33333333333333,93.33333333333333,94.33333333333333,92.33333333333333,92.33333333333333,92.33333333333333,91.33333333333333,91.33333333333333,90.33333333333333,90.33333333333333,90.33333333333333,80.33333333333333,81.33333333333333,82.33333333333333,85.33333333333333,88.33333333333333,91.33333333333333,93.33333333333333,95.33333333333333,89.33333333333333,89.33333333333333,89.33333333333333,92.33333333333333,94.33333333333333,93.33333333333333,91.33333333333333,89.33333333333333,86.66666666666667,86.66666666666667,86.66666666666667,86.66666666666667,85.66666666666667,86.66666666666667,87.66666666666667,89.66666666666667,89.66666666666667,89.66666666666667,89.66666666666667,91.66666666666667,92.66666666666667,91.66666666666667,87.66666666666667,82.66666666666667,86.33333333333333,75.66666666666667,71.66666666666667,78.66666666666667,87.66666666666667,90.66666666666667,89.0,87.0,82.0,90.0,94.33333333333333,91.33333333333333,90.33333333333333,92.33333333333333,93.66666666666667,90.66666666666667,95.33333333333333,92.66666666666667,93.66666666666667,93.66666666666667,90.66666666666667,91.66666666666667,92.66666666666667,89.66666666666667,91.66666666666667,94.66666666666667,89.66666666666667,96.66666666666667,92.66666666666667,89.66666666666667,94.66666666666667,72.33333333333333,59.666666666666664,58.666666666666664,59.666666666666664,60.666666666666664,55.666666666666664,50.333333333333336,52.666666666666664,57.666666666666664,99.33333333333333,95.33333333333333,93.33333333333333,93.33333333333333,95.66666666666667,96.66666666666667,96.66666666666667,94.66666666666667,89.66666666666667,89.66666666666667,89.66666666666667,89.66666666666667,89.66666666666667,89.66666666666667,92.33333333333333,89.33333333333333,87.33333333333333,85.33333333333333,85.33333333333333,86.33333333333333,88.33333333333333,89.33333333333333,94.33333333333333,93.33333333333333,92.33333333333333,93.33333333333333,95.33333333333333,96.33333333333333,95.33333333333333,94.33333333333333,95.66666666666667,95.66666666666667,95.66666666666667,95.66666666666667,95.66666666666667,95.66666666666667,95.66666666666667,95.66666666666667,95.66666666666667,95.66666666666667,95.66666666666667,95.66666666666667,95.66666666666667,96.66666666666667,96.66666666666667,97.66666666666667,95.33333333333333,94.33333333333333,94.33333333333333,94.33333333333333,94.33333333333333,94.33333333333333,94.33333333333333,93.33333333333333,92.33333333333333,90.33333333333333,90.33333333333333,94.33333333333333,100.33333333333333,101.33333333333333,95.33333333333333,89.33333333333333,93.33333333333333,93.33333333333333,92.33333333333333,92.33333333333333,92.33333333333333,93.33333333333333,94.33333333333333,94.33333333333333,92.33333333333333,92.33333333333333,92.33333333333333,91.33333333333333,91.33333333333333,90.33333333333333,90.33333333333333,90.33333333333333,81.33333333333333,82.33333333333333,83.33333333333333,85.33333333333333,87.33333333333333,91.33333333333333,93.33333333333333,95.33333333333333,88.33333333333333,88.33333333333333,88.33333333333333,90.33333333333333,92.33333333333333,92.33333333333333,90.33333333333333,88.33333333333333,85.66666666666667,84.66666666666667,83.66666666666667,83.66666666666667,84.66666666666667,85.66666666666667,86.66666666666667,86.66666666666667,87.66666666666667,87.66666666666667,88.66666666666667,90.66666666666667,91.66666666666667,89.66666666666667,86.66666666666667,84.66666666666667,89.33333333333333,84.0,83.33333333333333,87.33333333333333,90.33333333333333,89.33333333333333,88.66666666666667,89.66666666666667,92.66666666666667,93.66666666666667,94.33333333333333,94.33333333333333,96.33333333333333,97.33333333333333,92.33333333333333,86.33333333333333,92.66666666666667,94.66666666666667,92.66666666666667,91.66666666666667,93.66666666666667,91.66666666666667,90.66666666666667,92.66666666666667,92.66666666666667,94.66666666666667,91.66666666666667,99.66666666666667,95.66666666666667,92.66666666666667,100.66666666666667,82.33333333333333,60.333333333333336,58.666666666666664,59.666666666666664,60.666666666666664,57.333333333333336,54.333333333333336,56.666666666666664,63.666666666666664,98.33333333333333,95.33333333333333,93.66666666666667,95.66666666666667,98.66666666666667,98.66666666666667,94.66666666666667,90.66666666666667,88.66666666666667,88.66666666666667,88.66666666666667,88.66666666666667,88.66666666666667,88.66666666666667,88.33333333333333,86.33333333333333,84.33333333333333,84.33333333333333,86.33333333333333,88.33333333333333,89.33333333333333,88.33333333333333,94.33333333333333,92.33333333333333,91.33333333333333,91.33333333333333,93.33333333333333,94.33333333333333,94.33333333333333,94.33333333333333,94.66666666666667,94.66666666666667,94.66666666666667,94.66666666666667,94.66666666666667,94.66666666666667,94.66666666666667,94.66666666666667,96.66666666666667,96.66666666666667,95.66666666666667,95.66666666666667,95.66666666666667,96.66666666666667,97.66666666666667,98.66666666666667,97.33333333333333,95.33333333333333,94.33333333333333,94.33333333333333,95.33333333333333,95.33333333333333,94.33333333333333,92.33333333333333,91.33333333333333,90.33333333333333,90.33333333333333,92.33333333333333,96.33333333333333,96.33333333333333,92.33333333333333,88.33333333333333,92.33333333333333,92.33333333333333,91.33333333333333,91.33333333333333,91.33333333333333,92.33333333333333,93.33333333333333,94.33333333333333,92.33333333333333,92.33333333333333,92.33333333333333,91.33333333333333,91.33333333333333,90.33333333333333,90.33333333333333,90.33333333333333,88.33333333333333,87.33333333333333,87.33333333333333,87.33333333333333,87.33333333333333,88.33333333333333,88.33333333333333,89.33333333333333,89.33333333333333,88.33333333333333,88.33333333333333,90.33333333333333,92.33333333333333,92.33333333333333,91.33333333333333,89.33333333333333,87.66666666666667,85.66666666666667,84.66666666666667,84.66666666666667,86.66666666666667,88.66666666666667,87.66666666666667,87.66666666666667,89.66666666666667,90.66666666666667,91.66666666666667,92.66666666666667,92.66666666666667,91.66666666666667,89.66666666666667,88.66666666666667,88.33333333333333,86.0,88.33333333333333,91.33333333333333,91.33333333333333,88.33333333333333,89.66666666666667,94.66666666666667,94.66666666666667,92.66666666666667,92.33333333333333,95.33333333333333,99.33333333333333,99.33333333333333,94.33333333333333,88.33333333333333,90.66666666666667,97.66666666666667,92.66666666666667,90.66666666666667,96.66666666666667,94.66666666666667,89.66666666666667,96.66666666666667,93.66666666666667,95.66666666666667,93.66666666666667,102.66666666666667,97.66666666666667,92.66666666666667,103.66666666666667,90.33333333333333,61.333333333333336,57.666666666666664,56.666666666666664,58.666666666666664,59.333333333333336,57.333333333333336,61.333333333333336,66.66666666666667,97.33333333333333,96.33333333333333,95.66666666666667,97.66666666666667,98.66666666666667,97.66666666666667,92.66666666666667,88.66666666666667,89.66666666666667,89.66666666666667,89.66666666666667,89.66666666666667,89.66666666666667,89.66666666666667,85.33333333333333,83.33333333333333,82.33333333333333,84.33333333333333,88.33333333333333,90.33333333333333,89.33333333333333,88.33333333333333,93.33333333333333,91.33333333333333,89.33333333333333,89.33333333333333,91.33333333333333,93.33333333333333,93.33333333333333,93.33333333333333,94.66666666666667,94.66666666666667,94.66666666666667,94.66666666666667,94.66666666666667,94.66666666666667,94.66666666666667,94.66666666666667,96.66666666666667,96.66666666666667,95.66666666666667,94.66666666666667,95.66666666666667,96.66666666666667,97.66666666666667,98.66666666666667,100.33333333333333,97.33333333333333,95.33333333333333,95.33333333333333,96.33333333333333,96.33333333333333,94.33333333333333,91.33333333333333,94.33333333333333,95.33333333333333,95.33333333333333,95.33333333333333,95.33333333333333,94.33333333333333,93.33333333333333,92.33333333333333,90.33333333333333,90.33333333333333,90.33333333333333,90.33333333333333,90.33333333333333,91.33333333333333,92.33333333333333,93.33333333333333,92.33333333333333,92.33333333333333,92.33333333333333,91.33333333333333,91.33333333333333,90.33333333333333,90.33333333333333,90.33333333333333,89.33333333333333,89.33333333333333,88.33333333333333,88.33333333333333,87.33333333333333,86.33333333333333,85.33333333333333,84.33333333333333,88.33333333333333,87.33333333333333,86.33333333333333,87.33333333333333,89.33333333333333,90.33333333333333,89.33333333333333,88.33333333333333,87.66666666666667,84.0,82.0,83.0,86.0,88.0,87.0,86.0,89.0,90.0,91.0,91.0,90.0,90.0,90.0,91.0,90.33333333333333,88.0,88.0,91.0,91.33333333333333,89.33333333333333,90.66666666666667,94.66666666666667,89.66666666666667,89.66666666666667,91.33333333333333,93.33333333333333,94.33333333333333,93.33333333333333,92.33333333333333,91.33333333333333,91.66666666666667,100.66666666666667,93.66666666666667,89.66666666666667,99.66666666666667,95.66666666666667,88.66666666666667,98.66666666666667,95.66666666666667,97.66666666666667,94.66666666666667,104.66666666666667,96.66666666666667,90.66666666666667,103.66666666666667,93.33333333333333,63.333333333333336,57.333333333333336,54.333333333333336,56.333333333333336,58.333333333333336,59.333333333333336,61.666666666666664,65.33333333333333,98.33333333333333,97.33333333333333,97.66666666666667,97.66666666666667,96.66666666666667,95.66666666666667,92.33333333333333,89.66666666666667,90.66666666666667,90.66666666666667,90.66666666666667,90.66666666666667,90.66666666666667,90.66666666666667,83.33333333333333,81.33333333333333,81.33333333333333,85.33333333333333,89.33333333333333,91.33333333333333,90.33333333333333,87.33333333333333,93.33333333333333,90.33333333333333,88.33333333333333,88.33333333333333,90.33333333333333,92.33333333333333,93.33333333333333,92.33333333333333,94.66666666666667,94.66666666666667,94.66666666666667,94.66666666666667,94.66666666666667,94.66666666666667,94.66666666666667,94.66666666666667,96.66666666666667,95.66666666666667,94.66666666666667,93.66666666666667,94.66666666666667,95.66666666666667,97.66666666666667,98.66666666666667,102.33333333333333,99.33333333333333,96.33333333333333,96.33333333333333,97.33333333333333,96.33333333333333,94.33333333333333,90.33333333333333,95.33333333333333,96.33333333333333,96.33333333333333,95.33333333333333,93.33333333333333,91.33333333333333,92.33333333333333,93.33333333333333,89.33333333333333,89.33333333333333,89.33333333333333,89.33333333333333,89.33333333333333,90.33333333333333,91.33333333333333,92.33333333333333,92.33333333333333,92.33333333333333,92.33333333333333,91.33333333333333,91.33333333333333,90.33333333333333,90.33333333333333,90.33333333333333,86.33333333333333,86.33333333333333,87.33333333333333,87.33333333333333,87.33333333333333,86.33333333333333,85.33333333333333,84.33333333333333,85.33333333333333,83.33333333333333,83.33333333333333,84.33333333333333,86.33333333333333,87.33333333333333,86.33333333333333,84.33333333333333,85.66666666666667,82.0,79.66666666666667,80.0,84.66666666666667,85.0,84.66666666666667,83.0,88.66666666666667,88.0,88.66666666666667,87.0,86.66666666666667,87.0,88.66666666666667,90.66666666666667,96.33333333333333,90.33333333333333,87.66666666666667,90.33333333333333,91.66666666666667,89.66666666666667,89.33333333333333,89.66666666666667,89.33333333333333,90.66666666666667,94.66666666666667,95.33333333333333,91.66666666666667,88.33333333333333,90.66666666666667,95.66666666666667,91.66666666666667,102.66666666666667,93.66666666666667,88.66666666666667,100.66666666666667,95.66666666666667,86.66666666666667,97.66666666666667,97.66666666666667,98.66666666666667,96.66666666666667,104.66666666666667,95.66666666666667,88.66666666666667,101.66666666666667,92.33333333333333,65.33333333333333,56.666666666666664,51.333333333333336,54.333333333333336,57.333333333333336,58.333333333333336,60.666666666666664,62.333333333333336,99.33333333333333,99.33333333333333,97.66666666666667,96.66666666666667,94.66666666666667,92.66666666666667,92.33333333333333,92.66666666666667,91.66666666666667,91.66666666666667,91.66666666666667,91.66666666666667,91.66666666666667,91.66666666666667,85.66666666666667,86.66666666666667,87.66666666666667,87.66666666666667,88.66666666666667,89.66666666666667,90.66666666666667,90.66666666666667,90.66666666666667,90.66666666666667,91.66666666666667,92.66666666666667,93.66666666666667,93.66666666666667,94.66666666666667,95.66666666666667,94.66666666666667,94.66666666666667,94.66666666666667,94.66666666666667,94.66666666666667,94.66666666666667,94.66666666666667,94.66666666666667,93.66666666666667,92.66666666666667,91.66666666666667,91.66666666666667,92.66666666666667,95.66666666666667,98.66666666666667,100.66666666666667,95.66666666666667,95.66666666666667,94.66666666666667,94.66666666666667,94.66666666666667,95.66666666666667,96.66666666666667,96.66666666666667,92.66666666666667,93.66666666666667,93.66666666666667,94.66666666666667,94.66666666666667,93.66666666666667,93.66666666666667,92.66666666666667,94.33333333333333,94.33333333333333,94.33333333333333,93.33333333333333,93.33333333333333,92.33333333333333,92.33333333333333,92.33333333333333,92.33333333333333,92.33333333333333,92.33333333333333,92.33333333333333,92.33333333333333,92.33333333333333,92.33333333333333,92.33333333333333,89.33333333333333,89.33333333333333,88.33333333333333,87.33333333333333,86.33333333333333,86.33333333333333,85.33333333333333,85.33333333333333,85.33333333333333,84.33333333333333,82.33333333333333,83.33333333333333,85.33333333333333,85.33333333333333,84.33333333333333,83.33333333333333,86.33333333333333,83.66666666666667,81.33333333333333,77.66666666666667,79.33333333333333,81.66666666666667,85.33333333333333,87.66666666666667,88.33333333333333,87.66666666666667,88.33333333333333,87.66666666666667,88.33333333333333,87.66666666666667,88.33333333333333,88.33333333333333,92.33333333333333,92.33333333333333,91.33333333333333,91.33333333333333,91.33333333333333,91.33333333333333,91.66666666666667,91.33333333333333,90.66666666666667,91.33333333333333,92.66666666666667,93.33333333333333,94.66666666666667,94.33333333333333,95.0,94.66666666666667,96.66666666666667,94.66666666666667,91.66666666666667,91.66666666666667,92.66666666666667,93.66666666666667,94.66666666666667,93.66666666666667,95.66666666666667,96.66666666666667,96.66666666666667,96.66666666666667,96.66666666666667,95.66666666666667,94.66666666666667,93.33333333333333,62.333333333333336,53.666666666666664,60.666666666666664,55.666666666666664,53.333333333333336,58.333333333333336,56.333333333333336,69.66666666666667,100.33333333333333,99.33333333333333,96.33333333333333,94.33333333333333,93.66666666666667,92.66666666666667,93.66666666666667,93.66666666666667,91.66666666666667,90.66666666666667,90.66666666666667,89.66666666666667,89.66666666666667,90.66666666666667,86.66666666666667,86.66666666666667,87.66666666666667,88.66666666666667,89.66666666666667,90.66666666666667,90.66666666666667,91.66666666666667,90.66666666666667,90.66666666666667,91.66666666666667,91.66666666666667,92.66666666666667,93.66666666666667,94.66666666666667,94.66666666666667,94.66666666666667,94.66666666666667,94.66666666666667,94.66666666666667,94.66666666666667,94.66666666666667,94.66666666666667,94.66666666666667,96.66666666666667,95.66666666666667,93.66666666666667,92.66666666666667,92.66666666666667,94.66666666666667,96.66666666666667,97.66666666666667,95.66666666666667,94.66666666666667,94.66666666666667,93.66666666666667,93.66666666666667,93.66666666666667,94.66666666666667,94.66666666666667,90.66666666666667,91.66666666666667,91.66666666666667,92.66666666666667,92.66666666666667,91.66666666666667,91.66666666666667,90.66666666666667,94.33333333333333,94.33333333333333,93.33333333333333,93.33333333333333,93.33333333333333,92.33333333333333,92.33333333333333,92.33333333333333,91.33333333333333,91.33333333333333,91.33333333333333,91.33333333333333,91.33333333333333,91.33333333333333,91.33333333333333,91.33333333333333,92.33333333333333,92.33333333333333,92.33333333333333,91.33333333333333,90.33333333333333,89.33333333333333,89.33333333333333,88.33333333333333,86.33333333333333,85.33333333333333,83.33333333333333,84.33333333333333,85.33333333333333,85.33333333333333,84.33333333333333,83.33333333333333,85.33333333333333,84.33333333333333,82.33333333333333,81.33333333333333,81.33333333333333,83.33333333333333,86.33333333333333,88.33333333333333,88.33333333333333,88.33333333333333,88.33333333333333,88.33333333333333,88.33333333333333,88.33333333333333,88.33333333333333,88.33333333333333,89.66666666666667,89.66666666666667,89.66666666666667,89.66666666666667,89.66666666666667,89.66666666666667,89.66666666666667,89.66666666666667,92.66666666666667,92.66666666666667,93.66666666666667,94.66666666666667,95.66666666666667,96.66666666666667,96.66666666666667,96.66666666666667,97.66666666666667,95.66666666666667,92.66666666666667,92.66666666666667,94.66666666666667,95.66666666666667,95.66666666666667,94.66666666666667,95.66666666666667,95.66666666666667,96.66666666666667,96.66666666666667,95.66666666666667,94.66666666666667,93.66666666666667,93.33333333333333,67.33333333333333,56.666666666666664,62.666666666666664,56.666666666666664,55.333333333333336,59.333333333333336,52.666666666666664,64.66666666666667,99.33333333333333,98.33333333333333,96.33333333333333,94.33333333333333,93.66666666666667,93.66666666666667,93.66666666666667,94.66666666666667,91.66666666666667,90.66666666666667,90.66666666666667,89.66666666666667,89.66666666666667,90.66666666666667,87.66666666666667,87.66666666666667,88.66666666666667,89.66666666666667,89.66666666666667,90.66666666666667,91.66666666666667,91.66666666666667,90.66666666666667,90.66666666666667,91.66666666666667,91.66666666666667,92.66666666666667,93.66666666666667,93.66666666666667,93.66666666666667,94.66666666666667,94.66666666666667,94.66666666666667,94.66666666666667,94.66666666666667,94.66666666666667,94.66666666666667,94.66666666666667,98.66666666666667,97.66666666666667,95.66666666666667,93.66666666666667,93.66666666666667,93.66666666666667,94.66666666666667,95.66666666666667,95.66666666666667,94.66666666666667,93.66666666666667,92.66666666666667,91.66666666666667,91.66666666666667,91.66666666666667,92.66666666666667,90.66666666666667,91.66666666666667,91.66666666666667,92.66666666666667,92.66666666666667,91.66666666666667,91.66666666666667,90.66666666666667,94.33333333333333,93.33333333333333,93.33333333333333,93.33333333333333,92.33333333333333,92.33333333333333,92.33333333333333,92.33333333333333,90.33333333333333,90.33333333333333,90.33333333333333,90.33333333333333,90.33333333333333,90.33333333333333,90.33333333333333,90.33333333333333,93.33333333333333,93.33333333333333,93.33333333333333,92.33333333333333,91.33333333333333,90.33333333333333,90.33333333333333,89.33333333333333,88.33333333333333,86.33333333333333,85.33333333333333,85.33333333333333,86.33333333333333,86.33333333333333,84.33333333333333,82.33333333333333,85.33333333333333,84.33333333333333,84.33333333333333,84.33333333333333,84.33333333333333,85.33333333333333,86.33333333333333,87.33333333333333,88.33333333333333,88.33333333333333,88.33333333333333,88.33333333333333,88.33333333333333,88.33333333333333,88.33333333333333,88.33333333333333,87.66666666666667,87.66666666666667,87.66666666666667,87.66666666666667,87.66666666666667,87.66666666666667,87.66666666666667,88.66666666666667,93.66666666666667,93.66666666666667,94.66666666666667,94.66666666666667,95.66666666666667,96.66666666666667,97.66666666666667,97.66666666666667,97.66666666666667,95.66666666666667,93.66666666666667,93.66666666666667,95.66666666666667,96.66666666666667,96.66666666666667,95.66666666666667,94.66666666666667,94.66666666666667,95.66666666666667,95.66666666666667,95.66666666666667,94.66666666666667,93.66666666666667,92.33333333333333,69.33333333333333,56.666666666666664,62.666666666666664,58.666666666666664,59.333333333333336,63.333333333333336,53.666666666666664,62.666666666666664,98.33333333333333,97.33333333333333,96.33333333333333,95.33333333333333,94.66666666666667,94.66666666666667,94.66666666666667,95.66666666666667,90.66666666666667,90.66666666666667,89.66666666666667,89.66666666666667,89.66666666666667,89.66666666666667,88.66666666666667,88.66666666666667,89.66666666666667,89.66666666666667,90.66666666666667,90.66666666666667,90.66666666666667,91.66666666666667,90.66666666666667,90.66666666666667,90.66666666666667,91.66666666666667,91.66666666666667,92.66666666666667,92.66666666666667,93.66666666666667,93.66666666666667,93.66666666666667,93.66666666666667,93.66666666666667,93.66666666666667,93.66666666666667,93.66666666666667,93.66666666666667,97.66666666666667,96.66666666666667,95.66666666666667,94.66666666666667,93.66666666666667,94.66666666666667,94.66666666666667,95.66666666666667,96.66666666666667,95.66666666666667,94.66666666666667,92.66666666666667,91.66666666666667,91.66666666666667,91.66666666666667,91.66666666666667,92.66666666666667,93.66666666666667,93.66666666666667,94.66666666666667,94.66666666666667,93.66666666666667,93.66666666666667,92.66666666666667,93.33333333333333,93.33333333333333,93.33333333333333,92.33333333333333,92.33333333333333,92.33333333333333,91.33333333333333,91.33333333333333,89.33333333333333,89.33333333333333,89.33333333333333,89.33333333333333,89.33333333333333,89.33333333333333,89.33333333333333,89.33333333333333,91.33333333333333,90.33333333333333,90.33333333333333,89.33333333333333,88.33333333333333,87.33333333333333,87.33333333333333,86.33333333333333,88.33333333333333,87.33333333333333,85.33333333333333,85.33333333333333,86.33333333333333,86.33333333333333,84.33333333333333,82.33333333333333,84.33333333333333,85.33333333333333,86.33333333333333,86.33333333333333,87.33333333333333,87.33333333333333,87.33333333333333,86.33333333333333,87.33333333333333,87.33333333333333,87.33333333333333,87.33333333333333,87.33333333333333,87.33333333333333,87.33333333333333,87.33333333333333,86.66666666666667,87.66666666666667,87.66666666666667,87.66666666666667,87.66666666666667,88.66666666666667,88.66666666666667,88.66666666666667,92.66666666666667,92.66666666666667,93.66666666666667,93.66666666666667,94.66666666666667,95.66666666666667,96.66666666666667,96.66666666666667,95.66666666666667,94.66666666666667,93.66666666666667,93.66666666666667,95.66666666666667,96.66666666666667,96.66666666666667,95.66666666666667,94.66666666666667,94.66666666666667,95.66666666666667,95.66666666666667,94.66666666666667,93.66666666666667,92.66666666666667,92.33333333333333,66.33333333333333,53.666666666666664,60.666666666666664,58.666666666666664,63.333333333333336,68.33333333333333,58.666666666666664,65.66666666666667,96.33333333333333,95.33333333333333,95.33333333333333,95.33333333333333,94.66666666666667,94.66666666666667,94.66666666666667,95.66666666666667,90.66666666666667,90.66666666666667,89.66666666666667,88.66666666666667,88.66666666666667,89.66666666666667,88.66666666666667,88.66666666666667,89.66666666666667,89.66666666666667,89.66666666666667,89.66666666666667,90.66666666666667,90.66666666666667,90.66666666666667,90.66666666666667,90.66666666666667,91.66666666666667,91.66666666666667,91.66666666666667,91.66666666666667,92.66666666666667,93.66666666666667,93.66666666666667,93.66666666666667,93.66666666666667,93.66666666666667,93.66666666666667,93.66666666666667,93.66666666666667,93.66666666666667,93.66666666666667,93.66666666666667,93.66666666666667,93.66666666666667,94.66666666666667,95.66666666666667,95.66666666666667,97.66666666666667,96.66666666666667,95.66666666666667,93.66666666666667,92.66666666666667,92.66666666666667,92.66666666666667,92.66666666666667,92.66666666666667,93.66666666666667,93.66666666666667,94.66666666666667,94.66666666666667,93.66666666666667,93.66666666666667,92.66666666666667,93.33333333333333,93.33333333333333,92.33333333333333,92.33333333333333,92.33333333333333,91.33333333333333,91.33333333333333,91.33333333333333,89.33333333333333,89.33333333333333,89.33333333333333,89.33333333333333,89.33333333333333,89.33333333333333,89.33333333333333,89.33333333333333,89.33333333333333,89.33333333333333,88.33333333333333,88.33333333333333,87.33333333333333,86.33333333333333,85.33333333333333,85.33333333333333,87.33333333333333,86.33333333333333,84.33333333333333,84.33333333333333,85.33333333333333,86.33333333333333,84.33333333333333,82.33333333333333,84.33333333333333,85.33333333333333,86.33333333333333,87.33333333333333,88.33333333333333,87.33333333333333,87.33333333333333,86.33333333333333,87.33333333333333,87.33333333333333,87.33333333333333,87.33333333333333,87.33333333333333,87.33333333333333,87.33333333333333,87.33333333333333,87.66666666666667,87.66666666666667,88.66666666666667,88.66666666666667,89.66666666666667,89.66666666666667,90.66666666666667,90.66666666666667,91.66666666666667,91.66666666666667,90.66666666666667,91.66666666666667,91.66666666666667,93.66666666666667,94.66666666666667,95.66666666666667,93.66666666666667,92.66666666666667,91.66666666666667,93.66666666666667,95.66666666666667,96.66666666666667,95.66666666666667,93.66666666666667,94.66666666666667,95.66666666666667,95.66666666666667,95.66666666666667,95.66666666666667,94.66666666666667,93.66666666666667,92.33333333333333,67.33333333333333,54.666666666666664,60.666666666666664,58.666666666666664,63.333333333333336,69.33333333333333,58.666666666666664,65.66666666666667,94.33333333333333,94.33333333333333,94.33333333333333,94.33333333333333,94.66666666666667,93.66666666666667,93.66666666666667,93.66666666666667,90.66666666666667,89.66666666666667,88.66666666666667,88.66666666666667,88.66666666666667,88.66666666666667,88.66666666666667,88.66666666666667,88.66666666666667,88.66666666666667,88.66666666666667,88.66666666666667,88.66666666666667,88.66666666666667,90.66666666666667,90.66666666666667,90.66666666666667,90.66666666666667,90.66666666666667,91.66666666666667,91.66666666666667,91.66666666666667,92.66666666666667,92.66666666666667,92.66666666666667,92.66666666666667,92.66666666666667,92.66666666666667,92.66666666666667,92.66666666666667,91.66666666666667,91.66666666666667,92.66666666666667,92.66666666666667,93.66666666666667,93.66666666666667,93.66666666666667,94.66666666666667,96.66666666666667,95.66666666666667,94.66666666666667,93.66666666666667,92.66666666666667,92.66666666666667,93.66666666666667,93.66666666666667,90.66666666666667,91.66666666666667,91.66666666666667,92.66666666666667,92.66666666666667,91.66666666666667,91.66666666666667,90.66666666666667,92.33333333333333,92.33333333333333,92.33333333333333,92.33333333333333,91.33333333333333,91.33333333333333,91.33333333333333,90.33333333333333,89.33333333333333,89.33333333333333,89.33333333333333,89.33333333333333,89.33333333333333,89.33333333333333,89.33333333333333,89.33333333333333,91.33333333333333,91.33333333333333,90.33333333333333,89.33333333333333,88.33333333333333,88.33333333333333,87.33333333333333,87.33333333333333,85.33333333333333,83.33333333333333,82.33333333333333,83.33333333333333,85.33333333333333,85.33333333333333,84.33333333333333,83.33333333333333,84.33333333333333,85.33333333333333,86.33333333333333,87.33333333333333,87.33333333333333,87.33333333333333,87.33333333333333,86.33333333333333,86.33333333333333,86.33333333333333,86.33333333333333,86.33333333333333,86.33333333333333,86.33333333333333,86.33333333333333,86.33333333333333,88.66666666666667,88.66666666666667,89.66666666666667,89.66666666666667,90.66666666666667,91.66666666666667,91.66666666666667,92.66666666666667,91.66666666666667,90.66666666666667,89.66666666666667,89.66666666666667,90.66666666666667,92.66666666666667,94.66666666666667,95.66666666666667,91.66666666666667,91.66666666666667,91.66666666666667,93.66666666666667,95.66666666666667,96.66666666666667,94.66666666666667,93.66666666666667,95.66666666666667,96.66666666666667,96.66666666666667,96.66666666666667,96.66666666666667,95.66666666666667,94.66666666666667,93.33333333333333,70.33333333333333,57.666666666666664,63.666666666666664,59.666666666666664,60.333333333333336,64.33333333333333,55.666666666666664,63.666666666666664,92.33333333333333,93.33333333333333,93.33333333333333,93.33333333333333,92.66666666666667,91.66666666666667,90.66666666666667,89.66666666666667,89.66666666666667,89.66666666666667,88.66666666666667,88.66666666666667,88.66666666666667,88.66666666666667,87.66666666666667,87.66666666666667,87.66666666666667,87.66666666666667,87.66666666666667,87.66666666666667,87.66666666666667,86.66666666666667,90.66666666666667,90.66666666666667,90.66666666666667,90.66666666666667,90.66666666666667,90.66666666666667,90.66666666666667,90.66666666666667,92.66666666666667,92.66666666666667,92.66666666666667,92.66666666666667,92.66666666666667,92.66666666666667,92.66666666666667,92.66666666666667,91.66666666666667,91.66666666666667,91.66666666666667,91.66666666666667,91.66666666666667,91.66666666666667,90.66666666666667,89.66666666666667,94.66666666666667,93.66666666666667,92.66666666666667,92.66666666666667,91.66666666666667,92.66666666666667,92.66666666666667,93.66666666666667,90.66666666666667,91.66666666666667,91.66666666666667,92.66666666666667,92.66666666666667,91.66666666666667,91.66666666666667,90.66666666666667,92.33333333333333,92.33333333333333,92.33333333333333,91.33333333333333,91.33333333333333,91.33333333333333,90.33333333333333,90.33333333333333,90.33333333333333,90.33333333333333,90.33333333333333,90.33333333333333,90.33333333333333,90.33333333333333,90.33333333333333,90.33333333333333,92.33333333333333,92.33333333333333,91.33333333333333,90.33333333333333,89.33333333333333,89.33333333333333,88.33333333333333,88.33333333333333,82.33333333333333,81.33333333333333,80.33333333333333,81.33333333333333,84.33333333333333,85.33333333333333,85.33333333333333,83.33333333333333,85.33333333333333,85.33333333333333,85.33333333333333,85.33333333333333,85.33333333333333,86.33333333333333,86.33333333333333,87.33333333333333,86.33333333333333,86.33333333333333,86.33333333333333,86.33333333333333,86.33333333333333,86.33333333333333,86.33333333333333,86.33333333333333,87.66666666666667,88.66666666666667,88.66666666666667,89.66666666666667,90.66666666666667,91.66666666666667,92.66666666666667,92.66666666666667,92.66666666666667,91.66666666666667,90.66666666666667,89.66666666666667,90.66666666666667,92.66666666666667,95.66666666666667,96.66666666666667,91.66666666666667,91.66666666666667,92.66666666666667,94.66666666666667,96.66666666666667,97.66666666666667,95.66666666666667,93.66666666666667,97.66666666666667,97.66666666666667,97.66666666666667,97.66666666666667,97.66666666666667,96.66666666666667,95.66666666666667,94.33333333333333,69.33333333333333,58.666666666666664,64.66666666666667,58.666666666666664,57.333333333333336,61.333333333333336,54.666666666666664,66.66666666666667,91.33333333333333,92.33333333333333,92.33333333333333,92.33333333333333,91.66666666666667,89.66666666666667,87.66666666666667,86.66666666666667,89.66666666666667,88.66666666666667,88.66666666666667,87.66666666666667,87.66666666666667,88.66666666666667,86.66666666666667,86.66666666666667,86.66666666666667,86.66666666666667,86.66666666666667,86.66666666666667,85.66666666666667,85.66666666666667,90.66666666666667,90.66666666666667,90.66666666666667,90.66666666666667,90.66666666666667,90.66666666666667,90.66666666666667,90.66666666666667,92.66666666666667,92.66666666666667,92.66666666666667,92.66666666666667,92.66666666666667,92.66666666666667,92.66666666666667,92.66666666666667,92.66666666666667,92.66666666666667,92.66666666666667,91.66666666666667,90.66666666666667,88.66666666666667,87.66666666666667,86.66666666666667,91.66666666666667,91.66666666666667,90.66666666666667,90.66666666666667,90.66666666666667,91.66666666666667,92.66666666666667,92.66666666666667,92.66666666666667,93.66666666666667,93.66666666666667,94.66666666666667,94.66666666666667,93.66666666666667,93.66666666666667,92.66666666666667,92.33333333333333,92.33333333333333,92.33333333333333,91.33333333333333,91.33333333333333,90.33333333333333,90.33333333333333,90.33333333333333,90.33333333333333,90.33333333333333,90.33333333333333,90.33333333333333,90.33333333333333,90.33333333333333,90.33333333333333,90.33333333333333,91.33333333333333,91.33333333333333,90.33333333333333,89.33333333333333,88.33333333333333,88.33333333333333,87.33333333333333,87.33333333333333,80.33333333333333,79.33333333333333,79.33333333333333,80.33333333333333,83.33333333333333,85.33333333333333,85.33333333333333,84.33333333333333,85.33333333333333,84.33333333333333,84.33333333333333,84.33333333333333,84.33333333333333,85.33333333333333,86.33333333333333,87.33333333333333,86.33333333333333,86.33333333333333,86.33333333333333,86.33333333333333,86.33333333333333,86.33333333333333,86.33333333333333,86.33333333333333,87.66666666666667,87.66666666666667,88.66666666666667,89.66666666666667,90.66666666666667,91.66666666666667,91.66666666666667,92.66666666666667,93.66666666666667,92.66666666666667,91.66666666666667,90.66666666666667,91.66666666666667,93.66666666666667,96.66666666666667,97.66666666666667,92.66666666666667,92.66666666666667,93.66666666666667,95.66666666666667,98.66666666666667,98.66666666666667,97.66666666666667,95.66666666666667,97.66666666666667,98.66666666666667,98.66666666666667,98.66666666666667,98.66666666666667,97.66666666666667,96.66666666666667,95.33333333333333,64.33333333333333,55.666666666666664,63.666666666666664,57.666666666666664,55.333333333333336,60.333333333333336,57.666666666666664,72.66666666666667,91.33333333333333,91.33333333333333,91.33333333333333,91.33333333333333,90.66666666666667,87.66666666666667,85.66666666666667,83.66666666666667,89.66666666666667,88.66666666666667,88.66666666666667,87.66666666666667,87.66666666666667,88.66666666666667,88.66666666666667,87.66666666666667,87.66666666666667,87.66666666666667,87.66666666666667,88.66666666666667,89.66666666666667,90.66666666666667,89.66666666666667,89.66666666666667,89.66666666666667,90.66666666666667,90.66666666666667,91.66666666666667,91.66666666666667,91.66666666666667,89.66666666666667,89.66666666666667,89.66666666666667,90.66666666666667,90.66666666666667,90.66666666666667,91.66666666666667,91.66666666666667,93.66666666666667,92.66666666666667,92.66666666666667,91.66666666666667,90.66666666666667,89.66666666666667,88.66666666666667,87.66666666666667,88.66666666666667,89.66666666666667,91.66666666666667,92.66666666666667,92.66666666666667,91.66666666666667,89.66666666666667,88.66666666666667,91.66666666666667,92.66666666666667,93.66666666666667,93.66666666666667,92.66666666666667,91.66666666666667,89.66666666666667,88.66666666666667,90.33333333333333,90.33333333333333,90.33333333333333,90.33333333333333,90.33333333333333,89.33333333333333,87.33333333333333,87.33333333333333,87.33333333333333,87.33333333333333,87.33333333333333,87.33333333333333,87.33333333333333,88.33333333333333,90.33333333333333,90.33333333333333,91.33333333333333,90.33333333333333,88.33333333333333,89.33333333333333,89.33333333333333,88.33333333333333,86.33333333333333,84.33333333333333,84.33333333333333,83.33333333333333,81.33333333333333,80.33333333333333,80.33333333333333,81.33333333333333,83.33333333333333,85.33333333333333,84.33333333333333,84.33333333333333,84.33333333333333,84.33333333333333,85.33333333333333,86.33333333333333,87.33333333333333,88.33333333333333,86.33333333333333,86.33333333333333,86.33333333333333,86.33333333333333,86.33333333333333,86.33333333333333,86.33333333333333,86.33333333333333,83.66666666666667,84.66666666666667,86.66666666666667,88.66666666666667,89.66666666666667,89.66666666666667,88.66666666666667,88.66666666666667,89.66666666666667,90.66666666666667,91.66666666666667,92.66666666666667,92.66666666666667,92.66666666666667,92.66666666666667,91.66666666666667,97.66666666666667,97.66666666666667,96.66666666666667,95.66666666666667,95.66666666666667,96.66666666666667,96.66666666666667,97.66666666666667,96.66666666666667,98.66666666666667,100.66666666666667,99.66666666666667,96.66666666666667,94.66666666666667,96.66666666666667,99.33333333333333,67.33333333333333,58.666666666666664,53.666666666666664,56.666666666666664,62.333333333333336,62.333333333333336,61.666666666666664,61.666666666666664,92.33333333333333,91.33333333333333,90.33333333333333,89.33333333333333,89.66666666666667,89.66666666666667,89.66666666666667,90.66666666666667,87.66666666666667,87.66666666666667,88.66666666666667,88.66666666666667,88.66666666666667,89.66666666666667,88.66666666666667,88.66666666666667,87.66666666666667,87.66666666666667,88.66666666666667,89.66666666666667,90.66666666666667,90.66666666666667,89.66666666666667,89.66666666666667,89.66666666666667,90.66666666666667,90.66666666666667,90.66666666666667,91.66666666666667,91.66666666666667,89.66666666666667,90.66666666666667,90.66666666666667,90.66666666666667,91.66666666666667,91.66666666666667,91.66666666666667,91.66666666666667,90.66666666666667,89.66666666666667,89.66666666666667,88.66666666666667,88.66666666666667,87.66666666666667,87.66666666666667,86.66666666666667,89.66666666666667,89.66666666666667,91.66666666666667,91.66666666666667,91.66666666666667,91.66666666666667,89.66666666666667,89.66666666666667,90.66666666666667,91.66666666666667,92.66666666666667,92.66666666666667,92.66666666666667,91.66666666666667,90.66666666666667,89.66666666666667,89.33333333333333,90.33333333333333,90.33333333333333,90.33333333333333,90.33333333333333,89.33333333333333,88.33333333333333,87.33333333333333,88.33333333333333,87.33333333333333,87.33333333333333,87.33333333333333,87.33333333333333,88.33333333333333,89.33333333333333,90.33333333333333,89.33333333333333,88.33333333333333,87.33333333333333,87.33333333333333,88.33333333333333,87.33333333333333,85.33333333333333,83.33333333333333,84.33333333333333,83.33333333333333,81.33333333333333,80.33333333333333,80.33333333333333,81.33333333333333,83.33333333333333,84.33333333333333,82.33333333333333,82.33333333333333,82.33333333333333,82.33333333333333,83.33333333333333,84.33333333333333,86.33333333333333,86.33333333333333,86.33333333333333,86.33333333333333,86.33333333333333,86.33333333333333,86.33333333333333,86.33333333333333,86.33333333333333,86.33333333333333,86.66666666666667,87.66666666666667,89.66666666666667,91.66666666666667,92.66666666666667,92.66666666666667,91.66666666666667,91.66666666666667,89.66666666666667,90.66666666666667,91.66666666666667,91.66666666666667,92.66666666666667,92.66666666666667,91.66666666666667,91.66666666666667,96.66666666666667,96.66666666666667,95.66666666666667,95.66666666666667,94.66666666666667,95.66666666666667,96.66666666666667,96.66666666666667,93.66666666666667,95.66666666666667,96.66666666666667,95.66666666666667,92.66666666666667,91.66666666666667,92.66666666666667,94.33333333333333,69.33333333333333,60.666666666666664,56.666666666666664,59.666666666666664,63.333333333333336,62.333333333333336,59.666666666666664,59.666666666666664,92.33333333333333,91.33333333333333,90.33333333333333,89.33333333333333,89.66666666666667,89.66666666666667,89.66666666666667,90.66666666666667,89.66666666666667,88.66666666666667,88.66666666666667,87.66666666666667,87.66666666666667,87.66666666666667,88.66666666666667,88.66666666666667,88.66666666666667,88.66666666666667,88.66666666666667,89.66666666666667,90.66666666666667,91.66666666666667,89.66666666666667,89.66666666666667,89.66666666666667,89.66666666666667,90.66666666666667,90.66666666666667,90.66666666666667,91.66666666666667,90.66666666666667,90.66666666666667,90.66666666666667,91.66666666666667,91.66666666666667,92.66666666666667,92.66666666666667,92.66666666666667,89.66666666666667,89.66666666666667,89.66666666666667,88.66666666666667,88.66666666666667,88.66666666666667,88.66666666666667,88.66666666666667,89.66666666666667,90.66666666666667,90.66666666666667,91.66666666666667,91.66666666666667,90.66666666666667,90.66666666666667,89.66666666666667,89.66666666666667,89.66666666666667,90.66666666666667,91.66666666666667,91.66666666666667,91.66666666666667,90.66666666666667,90.66666666666667,89.33333333333333,89.33333333333333,90.33333333333333,90.33333333333333,90.33333333333333,89.33333333333333,88.33333333333333,87.33333333333333,88.33333333333333,88.33333333333333,87.33333333333333,87.33333333333333,87.33333333333333,88.33333333333333,89.33333333333333,90.33333333333333,88.33333333333333,87.33333333333333,86.33333333333333,86.33333333333333,87.33333333333333,86.33333333333333,84.33333333333333,82.33333333333333,84.33333333333333,83.33333333333333,81.33333333333333,80.33333333333333,80.33333333333333,81.33333333333333,83.33333333333333,83.33333333333333,81.33333333333333,81.33333333333333,80.33333333333333,81.33333333333333,82.33333333333333,83.33333333333333,84.33333333333333,85.33333333333333,86.33333333333333,86.33333333333333,86.33333333333333,86.33333333333333,86.33333333333333,86.33333333333333,86.33333333333333,86.33333333333333,87.66666666666667,88.66666666666667,89.66666666666667,90.66666666666667,91.66666666666667,91.66666666666667,91.66666666666667,90.66666666666667,89.66666666666667,89.66666666666667,90.66666666666667,91.66666666666667,92.66666666666667,92.66666666666667,91.66666666666667,91.66666666666667,95.66666666666667,94.66666666666667,94.66666666666667,93.66666666666667,93.66666666666667,94.66666666666667,95.66666666666667,95.66666666666667,92.66666666666667,94.66666666666667,94.66666666666667,93.66666666666667,91.66666666666667,90.66666666666667,91.66666666666667,92.33333333333333,70.33333333333333,63.666666666666664,59.666666666666664,62.666666666666664,65.33333333333333,62.333333333333336,58.666666666666664,58.666666666666664,91.33333333333333,91.33333333333333,90.33333333333333,89.33333333333333,89.66666666666667,89.66666666666667,89.66666666666667,89.66666666666667,91.66666666666667,90.66666666666667,88.66666666666667,86.66666666666667,86.66666666666667,86.66666666666667,88.66666666666667,88.66666666666667,88.66666666666667,88.66666666666667,88.66666666666667,89.66666666666667,90.66666666666667,90.66666666666667,88.66666666666667,88.66666666666667,89.66666666666667,89.66666666666667,89.66666666666667,90.66666666666667,90.66666666666667,90.66666666666667,90.66666666666667,90.66666666666667,91.66666666666667,91.66666666666667,92.66666666666667,92.66666666666667,92.66666666666667,92.66666666666667,90.66666666666667,90.66666666666667,91.66666666666667,91.66666666666667,91.66666666666667,91.66666666666667,91.66666666666667,91.66666666666667,90.66666666666667,90.66666666666667,90.66666666666667,90.66666666666667,90.66666666666667,90.66666666666667,90.66666666666667,90.66666666666667,87.66666666666667,88.66666666666667,89.66666666666667,89.66666666666667,90.66666666666667,90.66666666666667,91.66666666666667,91.66666666666667,88.33333333333333,89.33333333333333,90.33333333333333,90.33333333333333,90.33333333333333,89.33333333333333,88.33333333333333,88.33333333333333,89.33333333333333,88.33333333333333,87.33333333333333,87.33333333333333,87.33333333333333,88.33333333333333,89.33333333333333,89.33333333333333,88.33333333333333,87.33333333333333,86.33333333333333,87.33333333333333,88.33333333333333,87.33333333333333,85.33333333333333,83.33333333333333,84.33333333333333,83.33333333333333,82.33333333333333,81.33333333333333,81.33333333333333,81.33333333333333,82.33333333333333,82.33333333333333,80.33333333333333,80.33333333333333,80.33333333333333,80.33333333333333,81.33333333333333,83.33333333333333,84.33333333333333,85.33333333333333,85.33333333333333,85.33333333333333,85.33333333333333,85.33333333333333,85.33333333333333,85.33333333333333,85.33333333333333,85.33333333333333,84.66666666666667,84.66666666666667,85.66666666666667,86.66666666666667,86.66666666666667,87.66666666666667,87.66666666666667,87.66666666666667,88.66666666666667,89.66666666666667,90.66666666666667,91.66666666666667,91.66666666666667,91.66666666666667,91.66666666666667,90.66666666666667,93.66666666666667,93.66666666666667,92.66666666666667,92.66666666666667,92.66666666666667,93.66666666666667,94.66666666666667,95.66666666666667,96.66666666666667,96.66666666666667,96.66666666666667,95.66666666666667,94.66666666666667,93.66666666666667,93.66666666666667,93.33333333333333,68.33333333333333,63.666666666666664,61.666666666666664,65.66666666666667,67.33333333333333,63.333333333333336,60.666666666666664,60.666666666666664,91.33333333333333,90.33333333333333,89.33333333333333,89.33333333333333,88.66666666666667,88.66666666666667,89.66666666666667,89.66666666666667,93.66666666666667,91.66666666666667,88.66666666666667,86.66666666666667,85.66666666666667,84.66666666666667,87.66666666666667,87.66666666666667,87.66666666666667,87.66666666666667,87.66666666666667,88.66666666666667,89.66666666666667,90.66666666666667,88.66666666666667,88.66666666666667,88.66666666666667,89.66666666666667,89.66666666666667,89.66666666666667,90.66666666666667,90.66666666666667,90.66666666666667,90.66666666666667,90.66666666666667,91.66666666666667,91.66666666666667,92.66666666666667,92.66666666666667,92.66666666666667,91.66666666666667,91.66666666666667,91.66666666666667,91.66666666666667,91.66666666666667,92.66666666666667,92.66666666666667,92.66666666666667,90.66666666666667,90.66666666666667,90.66666666666667,90.66666666666667,90.66666666666667,90.66666666666667,90.66666666666667,90.66666666666667,87.66666666666667,87.66666666666667,88.66666666666667,88.66666666666667,89.66666666666667,89.66666666666667,90.66666666666667,91.66666666666667,88.33333333333333,88.33333333333333,89.33333333333333,90.33333333333333,90.33333333333333,90.33333333333333,89.33333333333333,88.33333333333333,89.33333333333333,89.33333333333333,88.33333333333333,87.33333333333333,87.33333333333333,87.33333333333333,88.33333333333333,89.33333333333333,89.33333333333333,88.33333333333333,87.33333333333333,88.33333333333333,89.33333333333333,89.33333333333333,87.33333333333333,85.33333333333333,84.33333333333333,83.33333333333333,83.33333333333333,82.33333333333333,81.33333333333333,81.33333333333333,81.33333333333333,81.33333333333333,81.33333333333333,81.33333333333333,81.33333333333333,81.33333333333333,82.33333333333333,83.33333333333333,84.33333333333333,85.33333333333333,85.33333333333333,85.33333333333333,85.33333333333333,85.33333333333333,85.33333333333333,85.33333333333333,85.33333333333333,85.33333333333333,83.66666666666667,83.66666666666667,83.66666666666667,83.66666666666667,84.66666666666667,84.66666666666667,85.66666666666667,85.66666666666667,88.66666666666667,89.66666666666667,90.66666666666667,90.66666666666667,91.66666666666667,91.66666666666667,90.66666666666667,90.66666666666667,92.66666666666667,92.66666666666667,92.66666666666667,92.66666666666667,92.66666666666667,93.66666666666667,94.66666666666667,95.66666666666667,98.66666666666667,98.66666666666667,96.66666666666667,96.66666666666667,95.66666666666667,95.66666666666667,94.66666666666667,93.33333333333333,66.33333333333333,61.666666666666664,61.666666666666664,65.66666666666667,67.33333333333333,64.33333333333333,62.666666666666664,63.666666666666664,91.33333333333333,90.33333333333333,89.33333333333333,88.33333333333333,88.66666666666667,88.66666666666667,88.66666666666667,89.66666666666667,92.66666666666667,91.66666666666667,88.66666666666667,86.66666666666667,85.66666666666667,84.66666666666667,86.66666666666667,86.66666666666667,85.66666666666667,85.66666666666667,86.66666666666667,87.66666666666667,88.66666666666667,88.66666666666667,87.66666666666667,88.66666666666667,88.66666666666667,88.66666666666667,89.66666666666667,89.66666666666667,89.66666666666667,89.66666666666667,89.66666666666667,89.66666666666667,89.66666666666667,90.66666666666667,90.66666666666667,90.66666666666667,91.66666666666667,91.66666666666667,90.66666666666667,90.66666666666667,90.66666666666667,90.66666666666667,89.66666666666667,89.66666666666667,89.66666666666667,89.66666666666667,91.66666666666667,90.66666666666667,90.66666666666667,89.66666666666667,89.66666666666667,90.66666666666667,90.66666666666667,91.66666666666667,88.66666666666667,88.66666666666667,87.66666666666667,87.66666666666667,87.66666666666667,88.66666666666667,89.66666666666667,89.66666666666667,87.33333333333333,88.33333333333333,89.33333333333333,90.33333333333333,90.33333333333333,90.33333333333333,89.33333333333333,89.33333333333333,90.33333333333333,89.33333333333333,88.33333333333333,87.33333333333333,87.33333333333333,87.33333333333333,88.33333333333333,88.33333333333333,89.33333333333333,88.33333333333333,87.33333333333333,88.33333333333333,90.33333333333333,90.33333333333333,88.33333333333333,86.33333333333333,84.33333333333333,84.33333333333333,83.33333333333333,82.33333333333333,82.33333333333333,81.33333333333333,80.33333333333333,80.33333333333333,81.33333333333333,81.33333333333333,81.33333333333333,81.33333333333333,82.33333333333333,83.33333333333333,84.33333333333333,85.33333333333333,84.33333333333333,84.33333333333333,84.33333333333333,84.33333333333333,84.33333333333333,84.33333333333333,84.33333333333333,84.33333333333333,87.66666666666667,86.66666666666667,85.66666666666667,85.66666666666667,85.66666666666667,86.66666666666667,86.66666666666667,87.66666666666667,88.66666666666667,88.66666666666667,89.66666666666667,90.66666666666667,90.66666666666667,90.66666666666667,90.66666666666667,90.66666666666667,92.66666666666667,92.66666666666667,92.66666666666667,92.66666666666667,92.66666666666667,94.66666666666667,95.66666666666667,96.66666666666667,98.66666666666667,96.66666666666667,94.66666666666667,93.66666666666667,94.66666666666667,93.66666666666667,91.66666666666667,89.33333333333333,65.33333333333333,61.666666666666664,61.666666666666664,64.66666666666667,66.33333333333333,63.333333333333336,63.666666666666664,66.66666666666667,90.33333333333333,90.33333333333333,89.33333333333333,88.33333333333333,87.66666666666667,87.66666666666667,88.66666666666667,88.66666666666667,90.66666666666667,89.66666666666667,89.66666666666667,87.66666666666667,86.66666666666667,84.66666666666667,85.66666666666667,84.66666666666667,84.66666666666667,84.66666666666667,84.66666666666667,85.66666666666667,86.66666666666667,87.66666666666667,87.66666666666667,87.66666666666667,88.66666666666667,88.66666666666667,88.66666666666667,89.66666666666667,89.66666666666667,89.66666666666667,88.66666666666667,88.66666666666667,88.66666666666667,88.66666666666667,89.66666666666667,89.66666666666667,90.66666666666667,90.66666666666667,91.66666666666667,91.66666666666667,91.66666666666667,90.66666666666667,89.66666666666667,89.66666666666667,88.66666666666667,88.66666666666667,91.66666666666667,91.66666666666667,89.66666666666667,89.66666666666667,89.66666666666667,89.66666666666667,91.66666666666667,91.66666666666667,89.66666666666667,88.66666666666667,87.66666666666667,86.66666666666667,86.66666666666667,86.66666666666667,87.66666666666667,88.66666666666667,87.33333333333333,88.33333333333333,89.33333333333333,90.33333333333333,90.33333333333333,90.33333333333333,90.33333333333333,89.33333333333333,90.33333333333333,89.33333333333333,88.33333333333333,87.33333333333333,87.33333333333333,87.33333333333333,87.33333333333333,88.33333333333333,87.33333333333333,86.33333333333333,86.33333333333333,87.33333333333333,89.33333333333333,89.33333333333333,87.33333333333333,85.33333333333333,84.33333333333333,84.33333333333333,83.33333333333333,83.33333333333333,82.33333333333333,81.33333333333333,80.33333333333333,79.33333333333333,79.33333333333333,79.33333333333333,79.33333333333333,79.33333333333333,80.33333333333333,81.33333333333333,83.33333333333333,83.33333333333333,84.33333333333333,84.33333333333333,84.33333333333333,84.33333333333333,84.33333333333333,84.33333333333333,84.33333333333333,84.33333333333333,89.66666666666667,88.66666666666667,87.66666666666667,86.66666666666667,86.66666666666667,87.66666666666667,88.66666666666667,89.66666666666667,87.66666666666667,88.66666666666667,89.66666666666667,90.66666666666667,90.66666666666667,90.66666666666667,90.66666666666667,89.66666666666667,92.66666666666667,92.66666666666667,92.66666666666667,92.66666666666667,93.66666666666667,95.66666666666667,96.66666666666667,97.66666666666667,97.66666666666667,95.66666666666667,92.66666666666667,92.66666666666667,93.66666666666667,92.66666666666667,90.66666666666667,87.33333333333333,66.33333333333333,62.666666666666664,61.666666666666664,63.666666666666664,63.333333333333336,60.333333333333336,61.666666666666664,65.66666666666667,90.33333333333333,89.33333333333333,88.33333333333333,88.33333333333333,87.66666666666667,87.66666666666667,88.66666666666667,88.66666666666667,87.66666666666667,88.66666666666667,88.66666666666667,89.66666666666667,88.66666666666667,85.66666666666667,84.66666666666667,83.66666666666667,83.66666666666667,83.66666666666667,83.66666666666667,84.66666666666667,85.66666666666667,86.66666666666667,87.66666666666667,87.66666666666667,87.66666666666667,88.66666666666667,88.66666666666667,89.66666666666667,89.66666666666667,89.66666666666667,87.66666666666667,87.66666666666667,87.66666666666667,88.66666666666667,88.66666666666667,88.66666666666667,89.66666666666667,89.66666666666667,95.66666666666667,94.66666666666667,94.66666666666667,93.66666666666667,92.66666666666667,91.66666666666667,90.66666666666667,90.66666666666667,92.66666666666667,91.66666666666667,89.66666666666667,88.66666666666667,88.66666666666667,89.66666666666667,91.66666666666667,92.66666666666667,90.66666666666667,89.66666666666667,87.66666666666667,86.66666666666667,85.66666666666667,85.66666666666667,86.66666666666667,87.66666666666667,87.33333333333333,87.33333333333333,89.33333333333333,90.33333333333333,90.33333333333333,90.33333333333333,90.33333333333333,90.33333333333333,90.33333333333333,90.33333333333333,88.33333333333333,87.33333333333333,87.33333333333333,87.33333333333333,87.33333333333333,87.33333333333333,86.33333333333333,85.33333333333333,85.33333333333333,86.33333333333333,88.33333333333333,88.33333333333333,86.33333333333333,84.33333333333333,84.33333333333333,84.33333333333333,84.33333333333333,83.33333333333333,82.33333333333333,81.33333333333333,80.33333333333333,79.33333333333333,78.33333333333333,77.33333333333333,77.33333333333333,78.33333333333333,78.33333333333333,80.33333333333333,81.33333333333333,82.33333333333333,84.33333333333333,84.33333333333333,84.33333333333333,84.33333333333333,84.33333333333333,84.33333333333333,84.33333333333333,84.33333333333333,89.66666666666667,88.66666666666667,87.66666666666667,85.66666666666667,85.66666666666667,86.66666666666667,87.66666666666667,88.66666666666667,87.66666666666667,88.66666666666667,89.66666666666667,90.66666666666667,90.66666666666667,90.66666666666667,90.66666666666667,89.66666666666667,92.66666666666667,92.66666666666667,92.66666666666667,93.66666666666667,94.66666666666667,95.66666666666667,97.66666666666667,97.66666666666667,99.66666666666667,96.66666666666667,93.66666666666667,92.66666666666667,94.66666666666667,93.66666666666667,91.66666666666667,88.33333333333333,69.33333333333333,64.66666666666667,62.666666666666664,62.666666666666664,61.333333333333336,58.333333333333336,59.666666666666664,64.66666666666667,90.33333333333333,89.33333333333333,88.33333333333333,87.33333333333333,87.66666666666667,87.66666666666667,87.66666666666667,88.66666666666667,85.66666666666667,86.66666666666667,88.66666666666667,90.66666666666667,89.66666666666667,86.66666666666667,83.33333333333333,83.33333333333333,84.33333333333333,85.33333333333333,85.33333333333333,86.33333333333333,87.33333333333333,87.33333333333333,86.33333333333333,86.33333333333333,86.33333333333333,86.33333333333333,86.33333333333333,86.33333333333333,86.33333333333333,86.33333333333333,87.66666666666667,88.66666666666667,89.66666666666667,90.66666666666667,91.66666666666667,92.66666666666667,92.66666666666667,91.66666666666667,91.66666666666667,90.66666666666667,89.66666666666667,89.66666666666667,90.66666666666667,90.66666666666667,88.66666666666667,86.66666666666667,89.66666666666667,90.66666666666667,90.66666666666667,90.66666666666667,90.66666666666667,89.66666666666667,88.66666666666667,87.66666666666667,83.66666666666667,84.66666666666667,84.66666666666667,85.66666666666667,85.66666666666667,86.66666666666667,86.66666666666667,86.66666666666667,88.33333333333333,88.33333333333333,88.33333333333333,88.33333333333333,88.33333333333333,88.33333333333333,88.33333333333333,88.33333333333333,85.33333333333333,86.33333333333333,88.33333333333333,89.33333333333333,88.33333333333333,86.33333333333333,84.33333333333333,83.33333333333333,87.33333333333333,87.33333333333333,87.33333333333333,87.33333333333333,87.33333333333333,87.33333333333333,87.33333333333333,87.33333333333333,84.33333333333333,82.33333333333333,80.33333333333333,80.33333333333333,81.33333333333333,81.33333333333333,80.33333333333333,78.33333333333333,77.33333333333333,77.33333333333333,77.33333333333333,78.33333333333333,79.33333333333333,80.33333333333333,79.33333333333333,78.33333333333333,84.33333333333333,82.33333333333333,81.33333333333333,82.33333333333333,84.33333333333333,85.33333333333333,84.33333333333333,82.33333333333333,84.66666666666667,84.66666666666667,84.66666666666667,84.66666666666667,85.66666666666667,86.66666666666667,87.66666666666667,88.66666666666667,89.66666666666667,89.66666666666667,90.66666666666667,90.66666666666667,90.66666666666667,91.66666666666667,91.66666666666667,91.66666666666667,94.66666666666667,94.66666666666667,95.66666666666667,95.66666666666667,95.66666666666667,94.66666666666667,93.66666666666667,93.66666666666667,95.66666666666667,95.66666666666667,95.66666666666667,94.66666666666667,94.66666666666667,94.66666666666667,93.66666666666667,93.33333333333333,67.33333333333333,64.66666666666667,62.666666666666664,59.666666666666664,58.333333333333336,58.333333333333336,57.666666666666664,57.666666666666664,87.33333333333333,88.33333333333333,88.33333333333333,88.33333333333333,87.66666666666667,88.66666666666667,92.66666666666667,95.66666666666667,90.66666666666667,93.66666666666667,89.66666666666667,103.66666666666667,101.66666666666667,83.66666666666667,85.33333333333333,85.33333333333333,85.33333333333333,85.33333333333333,85.33333333333333,85.33333333333333,85.33333333333333,85.33333333333333,86.33333333333333,86.33333333333333,86.33333333333333,86.33333333333333,86.33333333333333,86.33333333333333,86.33333333333333,86.33333333333333,87.66666666666667,88.66666666666667,89.66666666666667,90.66666666666667,91.66666666666667,91.66666666666667,91.66666666666667,91.66666666666667,91.66666666666667,89.66666666666667,89.66666666666667,89.66666666666667,90.66666666666667,90.66666666666667,88.66666666666667,86.66666666666667,89.66666666666667,89.66666666666667,90.66666666666667,90.66666666666667,89.66666666666667,89.66666666666667,88.66666666666667,87.66666666666667,86.66666666666667,86.66666666666667,86.66666666666667,87.66666666666667,87.66666666666667,87.66666666666667,88.66666666666667,88.66666666666667,88.33333333333333,88.33333333333333,88.33333333333333,88.33333333333333,88.33333333333333,88.33333333333333,88.33333333333333,88.33333333333333,85.33333333333333,86.33333333333333,87.33333333333333,88.33333333333333,88.33333333333333,86.33333333333333,84.33333333333333,83.33333333333333,87.33333333333333,87.33333333333333,87.33333333333333,87.33333333333333,87.33333333333333,87.33333333333333,87.33333333333333,87.33333333333333,84.33333333333333,83.33333333333333,81.33333333333333,82.33333333333333,83.33333333333333,83.33333333333333,82.33333333333333,81.33333333333333,82.33333333333333,80.33333333333333,78.33333333333333,76.33333333333333,77.33333333333333,79.33333333333333,80.33333333333333,80.33333333333333,82.33333333333333,81.33333333333333,80.33333333333333,81.33333333333333,84.33333333333333,85.33333333333333,84.33333333333333,83.33333333333333,83.66666666666667,83.66666666666667,83.66666666666667,83.66666666666667,84.66666666666667,85.66666666666667,87.66666666666667,87.66666666666667,89.66666666666667,89.66666666666667,89.66666666666667,90.66666666666667,90.66666666666667,90.66666666666667,91.66666666666667,91.66666666666667,93.66666666666667,94.66666666666667,95.66666666666667,95.66666666666667,95.66666666666667,95.66666666666667,94.66666666666667,94.66666666666667,96.66666666666667,95.66666666666667,95.66666666666667,94.66666666666667,93.66666666666667,92.66666666666667,92.66666666666667,91.33333333333333,70.33333333333333,68.66666666666667,65.66666666666667,63.666666666666664,62.333333333333336,61.333333333333336,61.666666666666664,61.666666666666664,87.33333333333333,88.33333333333333,89.33333333333333,89.33333333333333,88.66666666666667,88.66666666666667,90.66666666666667,92.66666666666667,83.66666666666667,86.66666666666667,83.66666666666667,99.66666666666667,99.66666666666667,83.66666666666667,87.33333333333333,87.33333333333333,86.33333333333333,85.33333333333333,85.33333333333333,84.33333333333333,83.33333333333333,83.33333333333333,86.33333333333333,86.33333333333333,86.33333333333333,86.33333333333333,86.33333333333333,86.33333333333333,86.33333333333333,86.33333333333333,86.66666666666667,87.66666666666667,88.66666666666667,90.66666666666667,90.66666666666667,91.66666666666667,91.66666666666667,90.66666666666667,90.66666666666667,89.66666666666667,88.66666666666667,89.66666666666667,90.66666666666667,90.66666666666667,88.66666666666667,86.66666666666667,89.66666666666667,89.66666666666667,90.66666666666667,90.66666666666667,89.66666666666667,88.66666666666667,87.66666666666667,87.66666666666667,88.66666666666667,88.66666666666667,88.66666666666667,89.66666666666667,89.66666666666667,89.66666666666667,89.66666666666667,90.66666666666667,88.33333333333333,88.33333333333333,88.33333333333333,88.33333333333333,88.33333333333333,88.33333333333333,88.33333333333333,88.33333333333333,85.33333333333333,86.33333333333333,87.33333333333333,88.33333333333333,88.33333333333333,86.33333333333333,84.33333333333333,83.33333333333333,87.33333333333333,87.33333333333333,87.33333333333333,87.33333333333333,87.33333333333333,87.33333333333333,87.33333333333333,87.33333333333333,84.33333333333333,83.33333333333333,82.33333333333333,83.33333333333333,85.33333333333333,85.33333333333333,84.33333333333333,83.33333333333333,86.33333333333333,83.33333333333333,79.33333333333333,76.33333333333333,75.33333333333333,77.33333333333333,80.33333333333333,82.33333333333333,80.33333333333333,79.33333333333333,79.33333333333333,80.33333333333333,83.33333333333333,84.33333333333333,84.33333333333333,83.33333333333333,82.66666666666667,82.66666666666667,82.66666666666667,82.66666666666667,83.66666666666667,84.66666666666667,86.66666666666667,86.66666666666667,88.66666666666667,88.66666666666667,89.66666666666667,89.66666666666667,89.66666666666667,90.66666666666667,90.66666666666667,90.66666666666667,91.66666666666667,92.66666666666667,93.66666666666667,94.66666666666667,95.66666666666667,95.66666666666667,95.66666666666667,95.66666666666667,96.66666666666667,96.66666666666667,95.66666666666667,93.66666666666667,92.66666666666667,90.66666666666667,89.66666666666667,88.33333333333333,71.33333333333333,69.66666666666667,66.66666666666667,64.66666666666667,63.333333333333336,62.333333333333336,61.666666666666664,62.666666666666664,86.33333333333333,88.33333333333333,90.33333333333333,90.33333333333333,89.66666666666667,88.66666666666667,88.66666666666667,89.66666666666667,82.66666666666667,85.66666666666667,81.66666666666667,96.66666666666667,97.66666666666667,83.66666666666667,86.33333333333333,86.33333333333333,86.33333333333333,85.33333333333333,85.33333333333333,84.33333333333333,84.33333333333333,84.33333333333333,85.33333333333333,85.33333333333333,85.33333333333333,85.33333333333333,85.33333333333333,85.33333333333333,85.33333333333333,85.33333333333333,86.66666666666667,86.66666666666667,88.66666666666667,89.66666666666667,90.66666666666667,90.66666666666667,90.66666666666667,90.66666666666667,90.66666666666667,89.66666666666667,88.66666666666667,89.66666666666667,91.66666666666667,91.66666666666667,89.66666666666667,87.66666666666667,88.66666666666667,89.66666666666667,89.66666666666667,89.66666666666667,89.66666666666667,88.66666666666667,87.66666666666667,86.66666666666667,89.66666666666667,89.66666666666667,89.66666666666667,89.66666666666667,89.66666666666667,89.66666666666667,89.66666666666667,89.66666666666667,87.33333333333333,87.33333333333333,87.33333333333333,87.33333333333333,87.33333333333333,87.33333333333333,87.33333333333333,87.33333333333333,86.33333333333333,86.33333333333333,87.33333333333333,87.33333333333333,87.33333333333333,86.33333333333333,85.33333333333333,84.33333333333333,86.33333333333333,86.33333333333333,86.33333333333333,86.33333333333333,86.33333333333333,86.33333333333333,86.33333333333333,86.33333333333333,83.33333333333333,82.33333333333333,81.33333333333333,82.33333333333333,85.33333333333333,86.33333333333333,85.33333333333333,84.33333333333333,85.33333333333333,83.33333333333333,81.33333333333333,77.33333333333333,75.33333333333333,75.33333333333333,77.33333333333333,80.33333333333333,78.33333333333333,77.33333333333333,77.33333333333333,79.33333333333333,82.33333333333333,84.33333333333333,84.33333333333333,83.33333333333333,82.66666666666667,81.66666666666667,81.66666666666667,82.66666666666667,82.66666666666667,84.66666666666667,85.66666666666667,86.66666666666667,87.66666666666667,88.66666666666667,88.66666666666667,88.66666666666667,89.66666666666667,89.66666666666667,89.66666666666667,89.66666666666667,89.66666666666667,89.66666666666667,91.66666666666667,92.66666666666667,93.66666666666667,94.66666666666667,94.66666666666667,94.66666666666667,96.66666666666667,95.66666666666667,94.66666666666667,92.66666666666667,90.66666666666667,88.66666666666667,86.66666666666667,85.33333333333333,68.33333333333333,66.66666666666667,63.666666666666664,61.666666666666664,60.333333333333336,60.333333333333336,59.666666666666664,59.666666666666664,86.33333333333333,88.33333333333333,91.33333333333333,91.33333333333333,89.66666666666667,87.66666666666667,87.66666666666667,87.66666666666667,91.66666666666667,92.66666666666667,85.66666666666667,97.66666666666667,96.66666666666667,82.66666666666667,84.33333333333333,84.33333333333333,84.33333333333333,85.33333333333333,85.33333333333333,86.33333333333333,86.33333333333333,86.33333333333333,85.33333333333333,85.33333333333333,85.33333333333333,85.33333333333333,85.33333333333333,85.33333333333333,85.33333333333333,85.33333333333333,85.66666666666667,85.66666666666667,87.66666666666667,88.66666666666667,89.66666666666667,89.66666666666667,89.66666666666667,89.66666666666667,89.66666666666667,88.66666666666667,88.66666666666667,89.66666666666667,91.66666666666667,91.66666666666667,89.66666666666667,87.66666666666667,88.66666666666667,88.66666666666667,89.66666666666667,89.66666666666667,88.66666666666667,88.66666666666667,87.66666666666667,86.66666666666667,88.66666666666667,88.66666666666667,88.66666666666667,88.66666666666667,87.66666666666667,87.66666666666667,87.66666666666667,87.66666666666667,87.33333333333333,87.33333333333333,87.33333333333333,87.33333333333333,87.33333333333333,87.33333333333333,87.33333333333333,87.33333333333333,87.33333333333333,87.33333333333333,87.33333333333333,87.33333333333333,86.33333333333333,86.33333333333333,85.33333333333333,84.33333333333333,86.33333333333333,86.33333333333333,86.33333333333333,86.33333333333333,86.33333333333333,86.33333333333333,86.33333333333333,86.33333333333333,82.33333333333333,81.33333333333333,80.33333333333333,81.33333333333333,84.33333333333333,85.33333333333333,84.33333333333333,83.33333333333333,81.33333333333333,82.33333333333333,83.33333333333333,80.33333333333333,77.33333333333333,74.33333333333333,75.33333333333333,76.33333333333333,78.33333333333333,77.33333333333333,77.33333333333333,79.33333333333333,82.33333333333333,84.33333333333333,84.33333333333333,83.33333333333333,82.66666666666667,81.66666666666667,81.66666666666667,82.66666666666667,82.66666666666667,84.66666666666667,85.66666666666667,86.66666666666667,87.66666666666667,87.66666666666667,87.66666666666667,87.66666666666667,88.66666666666667,88.66666666666667,88.66666666666667,89.66666666666667,86.66666666666667,87.66666666666667,89.66666666666667,90.66666666666667,91.66666666666667,92.66666666666667,92.66666666666667,92.66666666666667,95.66666666666667,94.66666666666667,93.66666666666667,90.66666666666667,88.66666666666667,86.66666666666667,84.66666666666667,83.33333333333333,67.33333333333333,64.66666666666667,62.666666666666664,59.666666666666664,59.333333333333336,58.333333333333336,57.666666666666664,58.666666666666664,85.33333333333333,88.33333333333333,90.33333333333333,90.33333333333333,89.66666666666667,87.66666666666667,86.66666666666667,87.66666666666667,93.66666666666667,94.66666666666667,85.66666666666667,97.66666666666667,95.66666666666667,80.66666666666667,83.33333333333333,83.33333333333333,84.33333333333333,85.33333333333333,85.33333333333333,86.33333333333333,87.33333333333333,87.33333333333333,84.33333333333333,84.33333333333333,84.33333333333333,84.33333333333333,84.33333333333333,84.33333333333333,84.33333333333333,84.33333333333333,84.66666666666667,85.66666666666667,86.66666666666667,87.66666666666667,88.66666666666667,88.66666666666667,88.66666666666667,88.66666666666667,89.66666666666667,88.66666666666667,87.66666666666667,89.66666666666667,91.66666666666667,91.66666666666667,90.66666666666667,88.66666666666667,88.66666666666667,88.66666666666667,88.66666666666667,88.66666666666667,88.66666666666667,87.66666666666667,86.66666666666667,86.66666666666667,87.66666666666667,87.66666666666667,87.66666666666667,86.66666666666667,86.66666666666667,86.66666666666667,86.66666666666667,85.66666666666667,86.33333333333333,86.33333333333333,86.33333333333333,86.33333333333333,86.33333333333333,86.33333333333333,86.33333333333333,86.33333333333333,87.33333333333333,87.33333333333333,87.33333333333333,86.33333333333333,86.33333333333333,85.33333333333333,85.33333333333333,85.33333333333333,85.33333333333333,85.33333333333333,85.33333333333333,85.33333333333333,85.33333333333333,85.33333333333333,85.33333333333333,85.33333333333333,83.33333333333333,82.33333333333333,81.33333333333333,81.33333333333333,83.33333333333333,84.33333333333333,83.33333333333333,82.33333333333333,80.33333333333333,83.33333333333333,85.33333333333333,83.33333333333333,78.33333333333333,75.33333333333333,76.33333333333333,77.33333333333333,80.33333333333333,79.33333333333333,79.33333333333333,80.33333333333333,83.33333333333333,84.33333333333333,84.33333333333333,83.33333333333333,82.66666666666667,82.66666666666667,82.66666666666667,82.66666666666667,83.66666666666667,84.66666666666667,86.66666666666667,86.66666666666667,86.66666666666667,86.66666666666667,86.66666666666667,87.66666666666667,87.66666666666667,87.66666666666667,88.66666666666667,88.66666666666667,87.66666666666667,87.66666666666667,89.66666666666667,90.66666666666667,90.66666666666667,90.66666666666667,90.66666666666667,90.66666666666667,93.66666666666667,92.66666666666667,91.66666666666667,89.66666666666667,87.66666666666667,84.66666666666667,83.66666666666667,82.33333333333333,69.33333333333333,66.66666666666667,64.66666666666667,61.666666666666664,60.333333333333336,60.333333333333336,59.666666666666664,59.666666666666664,85.33333333333333,87.33333333333333,89.33333333333333,89.33333333333333,87.66666666666667,87.66666666666667,87.66666666666667,88.66666666666667,87.66666666666667,88.66666666666667,81.66666666666667,94.66666666666667,93.66666666666667,79.66666666666667,85.33333333333333,85.33333333333333,85.33333333333333,85.33333333333333,85.33333333333333,85.33333333333333,85.33333333333333,85.33333333333333,84.33333333333333,84.33333333333333,84.33333333333333,84.33333333333333,84.33333333333333,84.33333333333333,84.33333333333333,84.33333333333333,83.66666666666667,84.66666666666667,85.66666666666667,87.66666666666667,87.66666666666667,88.66666666666667,88.66666666666667,88.66666666666667,88.66666666666667,87.66666666666667,87.66666666666667,89.66666666666667,91.66666666666667,91.66666666666667,90.66666666666667,88.66666666666667,87.66666666666667,88.66666666666667,88.66666666666667,88.66666666666667,88.66666666666667,87.66666666666667,86.66666666666667,85.66666666666667,87.66666666666667,87.66666666666667,87.66666666666667,87.66666666666667,86.66666666666667,86.66666666666667,85.66666666666667,85.66666666666667,86.33333333333333,86.33333333333333,86.33333333333333,86.33333333333333,86.33333333333333,86.33333333333333,86.33333333333333,86.33333333333333,88.33333333333333,87.33333333333333,86.33333333333333,86.33333333333333,85.33333333333333,85.33333333333333,85.33333333333333,85.33333333333333,85.33333333333333,85.33333333333333,85.33333333333333,85.33333333333333,85.33333333333333,85.33333333333333,85.33333333333333,85.33333333333333,85.33333333333333,84.33333333333333,83.33333333333333,83.33333333333333,84.33333333333333,85.33333333333333,83.33333333333333,82.33333333333333,83.33333333333333,85.33333333333333,86.33333333333333,83.33333333333333,78.33333333333333,77.33333333333333,80.33333333333333,83.33333333333333,82.33333333333333,81.33333333333333,80.33333333333333,81.33333333333333,84.33333333333333,85.33333333333333,84.33333333333333,83.33333333333333,83.66666666666667,83.66666666666667,83.66666666666667,83.66666666666667,84.66666666666667,85.66666666666667,87.66666666666667,87.66666666666667,85.66666666666667,85.66666666666667,86.66666666666667,86.66666666666667,86.66666666666667,87.66666666666667,87.66666666666667,87.66666666666667,89.66666666666667,90.66666666666667,91.66666666666667,91.66666666666667,91.66666666666667,91.66666666666667,90.66666666666667,90.66666666666667,91.66666666666667,90.66666666666667,89.66666666666667,87.66666666666667,86.66666666666667,84.66666666666667,82.66666666666667,82.33333333333333,70.33333333333333,67.66666666666667,65.66666666666667,62.666666666666664,61.333333333333336,61.333333333333336,60.666666666666664,60.666666666666664,85.33333333333333,86.33333333333333,87.33333333333333,87.33333333333333,86.66666666666667,86.66666666666667,89.66666666666667,91.66666666666667,84.66666666666667,86.66666666666667,81.66666666666667,94.66666666666667,94.66666666666667,80.66666666666667,87.33333333333333,87.33333333333333,86.33333333333333,85.33333333333333,85.33333333333333,84.33333333333333,83.33333333333333,83.33333333333333,84.33333333333333,84.33333333333333,84.33333333333333,84.33333333333333,84.33333333333333,84.33333333333333,84.33333333333333,84.33333333333333,83.66666666666667,84.66666666666667,85.66666666666667,86.66666666666667,87.66666666666667,87.66666666666667,87.66666666666667,87.66666666666667,88.66666666666667,87.66666666666667,87.66666666666667,89.66666666666667,91.66666666666667,92.66666666666667,90.66666666666667,88.66666666666667,87.66666666666667,88.66666666666667,88.66666666666667,88.66666666666667,88.66666666666667,87.66666666666667,86.66666666666667,85.66666666666667,88.66666666666667,88.66666666666667,88.66666666666667,87.66666666666667,87.66666666666667,86.66666666666667,86.66666666666667,85.66666666666667,86.33333333333333,86.33333333333333,86.33333333333333,86.33333333333333,86.33333333333333,86.33333333333333,86.33333333333333,86.33333333333333,88.33333333333333,87.33333333333333,86.33333333333333,85.33333333333333,85.33333333333333,85.33333333333333,85.33333333333333,86.33333333333333,85.33333333333333,85.33333333333333,85.33333333333333,85.33333333333333,85.33333333333333,85.33333333333333,85.33333333333333,85.33333333333333,88.33333333333333,86.33333333333333,85.33333333333333,85.33333333333333,86.33333333333333,86.33333333333333,84.33333333333333,82.33333333333333,87.33333333333333,88.33333333333333,88.33333333333333,83.33333333333333,78.33333333333333,78.33333333333333,83.33333333333333,89.33333333333333,84.33333333333333,82.33333333333333,81.33333333333333,82.33333333333333,84.33333333333333,85.33333333333333,84.33333333333333,82.33333333333333,84.66666666666667,84.66666666666667,84.66666666666667,84.66666666666667,85.66666666666667,86.66666666666667,87.66666666666667,88.66666666666667,85.66666666666667,85.66666666666667,85.66666666666667,86.66666666666667,86.66666666666667,86.66666666666667,87.66666666666667,87.66666666666667,92.66666666666667,92.66666666666667,93.66666666666667,93.66666666666667,93.66666666666667,92.66666666666667,91.66666666666667,91.66666666666667,90.66666666666667,89.66666666666667,88.66666666666667,87.66666666666667,85.66666666666667,84.66666666666667,82.66666666666667,82.33333333333333,69.33333333333333,66.66666666666667,64.66666666666667,61.666666666666664,60.333333333333336,60.333333333333336,59.666666666666664,59.666666666666664,85.33333333333333,86.33333333333333,86.33333333333333,86.33333333333333,85.66666666666667,86.66666666666667,90.66666666666667,93.66666666666667,87.66666666666667,89.66666666666667,84.66666666666667,97.66666666666667,97.66666666666667,81.66666666666667,88.33333333333333,88.33333333333333,87.33333333333333,86.33333333333333,84.33333333333333,83.33333333333333,82.33333333333333,82.33333333333333,83.33333333333333,83.33333333333333,83.33333333333333,84.33333333333333,84.33333333333333,85.33333333333333,85.33333333333333,85.33333333333333,91.66666666666667,79.66666666666667,105.66666666666667,91.66666666666667,87.66666666666667,99.66666666666667,78.66666666666667,96.66666666666667,92.66666666666667,91.66666666666667,90.66666666666667,89.66666666666667,90.66666666666667,91.66666666666667,92.66666666666667,93.66666666666667,90.66666666666667,90.66666666666667,89.66666666666667,88.66666666666667,88.66666666666667,87.66666666666667,86.66666666666667,86.66666666666667,88.66666666666667,88.66666666666667,88.66666666666667,87.66666666666667,87.66666666666667,86.66666666666667,86.66666666666667,86.66666666666667,85.33333333333333,86.33333333333333,86.33333333333333,87.33333333333333,87.33333333333333,86.33333333333333,86.33333333333333,85.33333333333333,86.33333333333333,86.33333333333333,86.33333333333333,86.33333333333333,86.33333333333333,86.33333333333333,86.33333333333333,86.33333333333333,86.33333333333333,85.33333333333333,83.33333333333333,82.33333333333333,82.33333333333333,83.33333333333333,85.33333333333333,86.33333333333333,85.33333333333333,86.33333333333333,88.33333333333333,88.33333333333333,88.33333333333333,86.33333333333333,84.33333333333333,82.33333333333333,86.33333333333333,88.33333333333333,89.33333333333333,89.33333333333333,86.33333333333333,84.33333333333333,83.33333333333333,83.33333333333333,83.33333333333333,83.33333333333333,83.33333333333333,83.33333333333333,83.33333333333333,83.33333333333333,83.33333333333333,83.33333333333333,84.66666666666667,85.66666666666667,85.66666666666667,86.66666666666667,86.66666666666667,85.66666666666667,85.66666666666667,84.66666666666667,84.66666666666667,84.66666666666667,85.66666666666667,86.66666666666667,88.66666666666667,89.66666666666667,90.66666666666667,90.66666666666667,85.66666666666667,88.66666666666667,92.66666666666667,93.66666666666667,91.66666666666667,89.66666666666667,87.66666666666667,86.66666666666667,86.66666666666667,87.66666666666667,88.66666666666667,88.66666666666667,87.66666666666667,86.66666666666667,84.66666666666667,83.33333333333333,69.33333333333333,64.66666666666667,61.666666666666664,59.666666666666664,59.333333333333336,59.333333333333336,57.666666666666664,56.666666666666664,80.33333333333333,86.33333333333333,88.33333333333333,85.33333333333333,84.66666666666667,86.66666666666667,87.66666666666667,85.66666666666667,84.66666666666667,86.66666666666667,88.66666666666667,88.66666666666667,86.66666666666667,85.66666666666667,86.33333333333333,86.33333333333333,85.33333333333333,85.33333333333333,85.33333333333333,84.33333333333333,84.33333333333333,84.33333333333333,83.33333333333333,83.33333333333333,83.33333333333333,84.33333333333333,84.33333333333333,85.33333333333333,85.33333333333333,85.33333333333333,81.66666666666667,118.66666666666667,156.66666666666666,102.66666666666667,67.66666666666667,87.66666666666667,82.66666666666667,96.66666666666667,92.66666666666667,91.66666666666667,90.66666666666667,89.66666666666667,90.66666666666667,90.66666666666667,92.66666666666667,92.66666666666667,91.66666666666667,91.66666666666667,90.66666666666667,90.66666666666667,89.66666666666667,88.66666666666667,87.66666666666667,87.66666666666667,88.66666666666667,88.66666666666667,87.66666666666667,87.66666666666667,87.66666666666667,86.66666666666667,86.66666666666667,86.66666666666667,85.33333333333333,86.33333333333333,86.33333333333333,87.33333333333333,87.33333333333333,86.33333333333333,86.33333333333333,85.33333333333333,86.33333333333333,86.33333333333333,86.33333333333333,86.33333333333333,86.33333333333333,86.33333333333333,85.33333333333333,85.33333333333333,86.33333333333333,85.33333333333333,83.33333333333333,82.33333333333333,82.33333333333333,83.33333333333333,85.33333333333333,86.33333333333333,88.33333333333333,87.33333333333333,86.33333333333333,86.33333333333333,85.33333333333333,85.33333333333333,85.33333333333333,85.33333333333333,85.33333333333333,88.33333333333333,89.33333333333333,89.33333333333333,86.33333333333333,84.33333333333333,83.33333333333333,83.33333333333333,83.33333333333333,83.33333333333333,83.33333333333333,83.33333333333333,83.33333333333333,83.33333333333333,83.33333333333333,83.33333333333333,84.66666666666667,84.66666666666667,85.66666666666667,85.66666666666667,85.66666666666667,85.66666666666667,84.66666666666667,84.66666666666667,84.66666666666667,84.66666666666667,85.66666666666667,86.66666666666667,87.66666666666667,89.66666666666667,90.66666666666667,90.66666666666667,87.66666666666667,89.66666666666667,92.66666666666667,92.66666666666667,90.66666666666667,88.66666666666667,87.66666666666667,87.66666666666667,86.66666666666667,87.66666666666667,87.66666666666667,87.66666666666667,87.66666666666667,86.66666666666667,86.66666666666667,85.33333333333333,69.33333333333333,65.66666666666667,61.666666666666664,59.666666666666664,59.333333333333336,59.333333333333336,57.666666666666664,56.666666666666664,82.33333333333333,87.33333333333333,89.33333333333333,85.33333333333333,84.66666666666667,85.66666666666667,85.66666666666667,83.66666666666667,81.66666666666667,83.66666666666667,85.66666666666667,86.66666666666667,85.66666666666667,85.66666666666667,83.33333333333333,83.33333333333333,84.33333333333333,84.33333333333333,85.33333333333333,85.33333333333333,86.33333333333333,86.33333333333333,83.33333333333333,83.33333333333333,83.33333333333333,84.33333333333333,84.33333333333333,85.33333333333333,85.33333333333333,85.33333333333333,78.66666666666667,111.66666666666667,139.66666666666666,90.66666666666667,68.66666666666667,98.66666666666667,90.66666666666667,86.66666666666667,92.66666666666667,91.66666666666667,90.66666666666667,90.66666666666667,90.66666666666667,90.66666666666667,91.66666666666667,91.66666666666667,92.66666666666667,91.66666666666667,91.66666666666667,90.66666666666667,89.66666666666667,89.66666666666667,88.66666666666667,88.66666666666667,88.66666666666667,87.66666666666667,87.66666666666667,87.66666666666667,86.66666666666667,86.66666666666667,86.66666666666667,86.66666666666667,85.33333333333333,86.33333333333333,86.33333333333333,87.33333333333333,87.33333333333333,86.33333333333333,86.33333333333333,85.33333333333333,87.33333333333333,87.33333333333333,86.33333333333333,86.33333333333333,85.33333333333333,85.33333333333333,84.33333333333333,84.33333333333333,86.33333333333333,85.33333333333333,83.33333333333333,82.33333333333333,82.33333333333333,83.33333333333333,85.33333333333333,86.33333333333333,89.33333333333333,88.33333333333333,85.33333333333333,84.33333333333333,83.33333333333333,85.33333333333333,86.33333333333333,88.33333333333333,85.33333333333333,87.33333333333333,89.33333333333333,89.33333333333333,86.33333333333333,84.33333333333333,83.33333333333333,84.33333333333333,83.33333333333333,83.33333333333333,83.33333333333333,83.33333333333333,83.33333333333333,83.33333333333333,83.33333333333333,83.33333333333333,83.66666666666667,83.66666666666667,84.66666666666667,84.66666666666667,84.66666666666667,84.66666666666667,83.66666666666667,83.66666666666667,83.66666666666667,84.66666666666667,85.66666666666667,86.66666666666667,87.66666666666667,88.66666666666667,89.66666666666667,90.66666666666667,88.66666666666667,90.66666666666667,91.66666666666667,90.66666666666667,88.66666666666667,87.66666666666667,87.66666666666667,88.66666666666667,87.66666666666667,87.66666666666667,86.66666666666667,86.66666666666667,86.66666666666667,87.66666666666667,88.66666666666667,88.33333333333333,70.33333333333333,65.66666666666667,61.666666666666664,59.666666666666664,59.333333333333336,59.333333333333336,57.666666666666664,55.666666666666664,82.33333333333333,87.33333333333333,89.33333333333333,86.33333333333333,84.66666666666667,84.66666666666667,84.66666666666667,81.66666666666667,79.66666666666667,81.66666666666667,84.66666666666667,84.66666666666667,84.66666666666667,84.66666666666667,83.33333333333333,83.33333333333333,84.33333333333333,84.33333333333333,84.33333333333333,85.33333333333333,85.33333333333333,85.33333333333333,83.33333333333333,83.33333333333333,83.33333333333333,84.33333333333333,84.33333333333333,85.33333333333333,85.33333333333333,85.33333333333333,85.66666666666667,77.66666666666667,87.66666666666667,79.66666666666667,87.66666666666667,102.66666666666667,88.66666666666667,86.66666666666667,91.66666666666667,91.66666666666667,91.66666666666667,90.66666666666667,90.66666666666667,90.66666666666667,90.66666666666667,90.66666666666667,90.66666666666667,90.66666666666667,90.66666666666667,89.66666666666667,89.66666666666667,88.66666666666667,88.66666666666667,88.66666666666667,87.66666666666667,87.66666666666667,87.66666666666667,86.66666666666667,86.66666666666667,86.66666666666667,85.66666666666667,85.66666666666667,85.33333333333333,86.33333333333333,86.33333333333333,87.33333333333333,87.33333333333333,86.33333333333333,86.33333333333333,85.33333333333333,87.33333333333333,87.33333333333333,86.33333333333333,86.33333333333333,85.33333333333333,84.33333333333333,84.33333333333333,83.33333333333333,85.33333333333333,84.33333333333333,84.33333333333333,83.33333333333333,83.33333333333333,84.33333333333333,84.33333333333333,85.33333333333333,88.33333333333333,87.33333333333333,86.33333333333333,85.33333333333333,85.33333333333333,85.33333333333333,86.33333333333333,87.33333333333333,85.33333333333333,87.33333333333333,89.33333333333333,89.33333333333333,87.33333333333333,85.33333333333333,84.33333333333333,84.33333333333333,84.33333333333333,84.33333333333333,84.33333333333333,84.33333333333333,84.33333333333333,84.33333333333333,84.33333333333333,84.33333333333333,82.66666666666667,83.66666666666667,83.66666666666667,84.66666666666667,84.66666666666667,83.66666666666667,83.66666666666667,82.66666666666667,83.66666666666667,84.66666666666667,84.66666666666667,86.66666666666667,87.66666666666667,88.66666666666667,89.66666666666667,89.66666666666667,90.66666666666667,91.66666666666667,90.66666666666667,88.66666666666667,86.66666666666667,85.66666666666667,87.66666666666667,89.66666666666667,87.66666666666667,87.66666666666667,86.66666666666667,85.66666666666667,86.66666666666667,88.66666666666667,89.66666666666667,91.33333333333333,71.33333333333333,66.66666666666667,62.666666666666664,60.666666666666664,60.333333333333336,59.333333333333336,57.666666666666664,55.666666666666664,79.33333333333333,85.33333333333333,88.33333333333333,86.33333333333333,84.66666666666667,85.66666666666667,85.66666666666667,82.66666666666667,81.66666666666667,83.66666666666667,85.66666666666667,85.66666666666667,84.66666666666667,83.66666666666667,85.33333333333333,85.33333333333333,84.33333333333333,84.33333333333333,84.33333333333333,83.33333333333333,83.33333333333333,83.33333333333333,83.33333333333333,83.33333333333333,83.33333333333333,84.33333333333333,84.33333333333333,85.33333333333333,85.33333333333333,85.33333333333333,90.66666666666667,78.66666666666667,85.66666666666667,91.66666666666667,91.66666666666667,85.66666666666667,80.66666666666667,95.66666666666667,91.66666666666667,91.66666666666667,91.66666666666667,90.66666666666667,90.66666666666667,89.66666666666667,89.66666666666667,88.66666666666667,88.66666666666667,88.66666666666667,88.66666666666667,87.66666666666667,87.66666666666667,87.66666666666667,86.66666666666667,86.66666666666667,87.66666666666667,87.66666666666667,86.66666666666667,86.66666666666667,86.66666666666667,85.66666666666667,85.66666666666667,85.66666666666667,85.33333333333333,86.33333333333333,86.33333333333333,87.33333333333333,87.33333333333333,86.33333333333333,86.33333333333333,85.33333333333333,86.33333333333333,86.33333333333333,86.33333333333333,85.33333333333333,85.33333333333333,84.33333333333333,84.33333333333333,83.33333333333333,84.33333333333333,84.33333333333333,84.33333333333333,84.33333333333333,84.33333333333333,84.33333333333333,84.33333333333333,84.33333333333333,84.33333333333333,85.33333333333333,86.33333333333333,87.33333333333333,87.33333333333333,87.33333333333333,86.33333333333333,85.33333333333333,84.33333333333333,86.33333333333333,88.33333333333333,89.33333333333333,87.33333333333333,85.33333333333333,84.33333333333333,85.33333333333333,84.33333333333333,84.33333333333333,84.33333333333333,84.33333333333333,84.33333333333333,84.33333333333333,84.33333333333333,84.33333333333333,82.66666666666667,83.66666666666667,83.66666666666667,84.66666666666667,84.66666666666667,83.66666666666667,83.66666666666667,82.66666666666667,83.66666666666667,83.66666666666667,84.66666666666667,85.66666666666667,86.66666666666667,88.66666666666667,88.66666666666667,89.66666666666667,91.66666666666667,91.66666666666667,90.66666666666667,87.66666666666667,84.66666666666667,84.66666666666667,86.66666666666667,89.66666666666667,87.66666666666667,86.66666666666667,85.66666666666667,85.66666666666667,86.66666666666667,87.66666666666667,89.66666666666667,90.33333333333333,72.33333333333333,67.66666666666667,63.666666666666664,60.666666666666664,60.333333333333336,59.333333333333336,57.666666666666664,55.666666666666664,74.33333333333333,81.33333333333333,86.33333333333333,85.33333333333333,85.66666666666667,87.66666666666667,87.66666666666667,85.66666666666667,85.66666666666667,87.66666666666667,88.66666666666667,87.66666666666667,84.66666666666667,82.66666666666667,85.33333333333333,85.33333333333333,84.33333333333333,84.33333333333333,83.33333333333333,83.33333333333333,82.33333333333333,82.33333333333333,83.33333333333333,83.33333333333333,83.33333333333333,84.33333333333333,84.33333333333333,85.33333333333333,85.33333333333333,85.33333333333333,88.66666666666667,90.66666666666667,93.66666666666667,90.66666666666667,86.66666666666667,85.66666666666667,87.66666666666667,90.66666666666667,90.66666666666667,91.66666666666667,91.66666666666667,91.66666666666667,90.66666666666667,89.66666666666667,87.66666666666667,87.66666666666667,86.66666666666667,86.66666666666667,86.66666666666667,86.66666666666667,86.66666666666667,86.66666666666667,86.66666666666667,86.66666666666667,86.66666666666667,86.66666666666667,86.66666666666667,86.66666666666667,85.66666666666667,85.66666666666667,85.66666666666667,84.66666666666667,85.33333333333333,86.33333333333333,86.33333333333333,87.33333333333333,87.33333333333333,86.33333333333333,86.33333333333333,85.33333333333333,84.33333333333333,84.33333333333333,84.33333333333333,84.33333333333333,84.33333333333333,85.33333333333333,85.33333333333333,85.33333333333333,84.33333333333333,84.33333333333333,84.33333333333333,84.33333333333333,84.33333333333333,84.33333333333333,84.33333333333333,84.33333333333333,83.33333333333333,84.33333333333333,87.33333333333333,88.33333333333333,89.33333333333333,87.33333333333333,86.33333333333333,84.33333333333333,83.33333333333333,86.33333333333333,88.33333333333333,88.33333333333333,87.33333333333333,85.33333333333333,85.33333333333333,85.33333333333333,85.33333333333333,85.33333333333333,85.33333333333333,85.33333333333333,85.33333333333333,85.33333333333333,85.33333333333333,85.33333333333333,83.66666666666667,83.66666666666667,84.66666666666667,84.66666666666667,84.66666666666667,84.66666666666667,83.66666666666667,83.66666666666667,82.66666666666667,83.66666666666667,84.66666666666667,85.66666666666667,86.66666666666667,87.66666666666667,88.66666666666667,89.66666666666667,91.66666666666667,91.66666666666667,90.66666666666667,87.66666666666667,84.66666666666667,84.66666666666667,85.66666666666667,87.66666666666667,86.66666666666667,86.66666666666667,85.66666666666667,85.66666666666667,85.66666666666667,86.66666666666667,87.66666666666667,87.33333333333333,72.33333333333333,68.66666666666667,64.66666666666667,61.666666666666664,60.333333333333336,59.333333333333336,57.666666666666664,55.666666666666664,71.33333333333333,79.33333333333333,84.33333333333333,85.33333333333333,86.66666666666667,88.66666666666667,88.66666666666667,86.66666666666667,87.66666666666667,89.66666666666667,89.66666666666667,87.66666666666667,84.66666666666667,81.66666666666667,82.33333333333333,82.33333333333333,83.33333333333333,83.33333333333333,83.33333333333333,84.33333333333333,84.33333333333333,84.33333333333333,83.33333333333333,83.33333333333333,83.33333333333333,84.33333333333333,84.33333333333333,85.33333333333333,85.33333333333333,85.33333333333333,85.66666666666667,89.66666666666667,84.66666666666667,82.66666666666667,87.66666666666667,92.66666666666667,93.66666666666667,84.66666666666667,90.66666666666667,90.66666666666667,91.66666666666667,91.66666666666667,90.66666666666667,88.66666666666667,87.66666666666667,86.66666666666667,87.66666666666667,87.66666666666667,87.66666666666667,87.66666666666667,87.66666666666667,87.66666666666667,87.66666666666667,87.66666666666667,86.66666666666667,86.66666666666667,86.66666666666667,85.66666666666667,85.66666666666667,85.66666666666667,84.66666666666667,84.66666666666667,85.33333333333333,86.33333333333333,86.33333333333333,87.33333333333333,87.33333333333333,86.33333333333333,86.33333333333333,85.33333333333333,82.33333333333333,83.33333333333333,83.33333333333333,84.33333333333333,84.33333333333333,85.33333333333333,86.33333333333333,86.33333333333333,83.33333333333333,84.33333333333333,84.33333333333333,85.33333333333333,85.33333333333333,84.33333333333333,84.33333333333333,83.33333333333333,84.33333333333333,85.33333333333333,86.33333333333333,86.33333333333333,87.33333333333333,87.33333333333333,87.33333333333333,87.33333333333333,83.33333333333333,85.33333333333333,88.33333333333333,88.33333333333333,87.33333333333333,85.33333333333333,85.33333333333333,86.33333333333333,85.33333333333333,85.33333333333333,85.33333333333333,85.33333333333333,85.33333333333333,85.33333333333333,85.33333333333333,85.33333333333333,84.66666666666667,84.66666666666667,85.66666666666667,85.66666666666667,85.66666666666667,85.66666666666667,84.66666666666667,84.66666666666667,82.66666666666667,82.66666666666667,83.66666666666667,85.66666666666667,86.66666666666667,87.66666666666667,88.66666666666667,88.66666666666667,90.66666666666667,90.66666666666667,90.66666666666667,88.66666666666667,85.66666666666667,84.66666666666667,84.66666666666667,86.66666666666667,85.66666666666667,85.66666666666667,85.66666666666667,85.66666666666667,85.66666666666667,85.66666666666667,84.66666666666667,83.33333333333333,73.33333333333333,69.66666666666667,64.66666666666667,61.666666666666664,61.333333333333336,59.333333333333336,57.666666666666664,55.666666666666664,72.33333333333333,79.33333333333333,85.33333333333333,85.33333333333333,86.66666666666667,88.66666666666667,87.66666666666667,84.66666666666667,85.66666666666667,87.66666666666667,87.66666666666667,86.66666666666667,83.66666666666667,80.66666666666667,80.33333333333333,80.33333333333333,81.33333333333333,82.33333333333333,84.33333333333333,85.33333333333333,86.33333333333333,86.33333333333333,83.33333333333333,83.33333333333333,83.33333333333333,84.33333333333333,84.33333333333333,85.33333333333333,85.33333333333333,85.33333333333333,85.66666666666667,88.66666666666667,86.66666666666667,91.66666666666667,87.66666666666667,79.66666666666667,87.66666666666667,92.66666666666667,90.66666666666667,90.66666666666667,91.66666666666667,91.66666666666667,90.66666666666667,88.66666666666667,86.66666666666667,85.66666666666667,88.66666666666667,88.66666666666667,88.66666666666667,88.66666666666667,88.66666666666667,88.66666666666667,88.66666666666667,88.66666666666667,86.66666666666667,86.66666666666667,86.66666666666667,85.66666666666667,85.66666666666667,84.66666666666667,84.66666666666667,84.66666666666667,85.33333333333333,86.33333333333333,86.33333333333333,87.33333333333333,87.33333333333333,86.33333333333333,86.33333333333333,85.33333333333333,81.33333333333333,81.33333333333333,82.33333333333333,83.33333333333333,85.33333333333333,86.33333333333333,87.33333333333333,87.33333333333333,83.33333333333333,84.33333333333333,84.33333333333333,85.33333333333333,85.33333333333333,84.33333333333333,84.33333333333333,83.33333333333333,87.33333333333333,86.33333333333333,84.33333333333333,84.33333333333333,84.33333333333333,86.33333333333333,88.33333333333333,90.33333333333333,83.33333333333333,85.33333333333333,88.66666666666667,88.33333333333333,87.66666666666667,86.33333333333333,85.66666666666667,86.33333333333333,85.66666666666667,85.33333333333333,85.66666666666667,85.33333333333333,85.66666666666667,85.33333333333333,85.66666666666667,85.33333333333333,84.66666666666667,85.66666666666667,85.66666666666667,86.66666666666667,86.66666666666667,85.66666666666667,85.66666666666667,84.66666666666667,82.66666666666667,82.66666666666667,83.66666666666667,84.66666666666667,86.66666666666667,87.66666666666667,88.66666666666667,88.66666666666667,89.66666666666667,90.66666666666667,90.66666666666667,89.66666666666667,86.66666666666667,84.66666666666667,84.66666666666667,85.66666666666667,84.66666666666667,84.66666666666667,85.66666666666667,86.66666666666667,85.66666666666667,84.66666666666667,82.66666666666667,80.33333333333333,73.66666666666667,69.66666666666667,64.66666666666667,61.666666666666664,61.333333333333336,59.333333333333336,56.666666666666664,55.666666666666664,73.33333333333333,80.33333333333333,86.33333333333333,86.33333333333333,85.66666666666667,87.66666666666667,85.66666666666667,82.66666666666667,82.66666666666667,84.66666666666667,85.66666666666667,84.66666666666667,82.66666666666667,80.66666666666667,83.33333333333333,84.33333333333333,85.33333333333333,84.33333333333333,83.33333333333333,83.33333333333333,85.33333333333333,87.33333333333333,85.33333333333333,85.33333333333333,84.33333333333333,84.33333333333333,85.33333333333333,85.33333333333333,86.33333333333333,87.33333333333333,86.33333333333333,86.33333333333333,86.33333333333333,87.33333333333333,87.33333333333333,88.33333333333333,88.33333333333333,88.33333333333333,87.33333333333333,87.33333333333333,87.33333333333333,88.33333333333333,88.33333333333333,89.33333333333333,89.33333333333333,89.33333333333333,86.66666666666667,86.66666666666667,86.66666666666667,86.66666666666667,86.66666666666667,86.66666666666667,86.66666666666667,86.66666666666667,88.66666666666667,88.66666666666667,88.66666666666667,88.66666666666667,88.66666666666667,88.66666666666667,88.66666666666667,88.66666666666667,87.33333333333333,87.33333333333333,87.33333333333333,87.33333333333333,87.33333333333333,87.33333333333333,87.33333333333333,87.33333333333333,88.33333333333333,86.33333333333333,85.33333333333333,86.33333333333333,89.33333333333333,90.33333333333333,87.33333333333333,85.33333333333333,86.33333333333333,86.33333333333333,85.33333333333333,85.33333333333333,86.33333333333333,88.33333333333333,89.33333333333333,91.33333333333333,83.33333333333333,86.33333333333333,90.33333333333333,89.33333333333333,85.33333333333333,82.33333333333333,81.33333333333333,82.33333333333333,86.66666666666667,86.66666666666667,87.66666666666667,87.66666666666667,87.66666666666667,86.66666666666667,86.66666666666667,85.66666666666667,84.66666666666667,84.66666666666667,84.66666666666667,84.66666666666667,84.66666666666667,84.66666666666667,84.66666666666667,84.66666666666667,85.33333333333333,86.33333333333333,87.33333333333333,87.33333333333333,86.33333333333333,83.33333333333333,80.33333333333333,78.33333333333333,79.33333333333333,82.33333333333333,85.33333333333333,86.33333333333333,86.33333333333333,86.33333333333333,87.33333333333333,89.33333333333333,87.66666666666667,87.66666666666667,87.66666666666667,87.66666666666667,86.66666666666667,85.66666666666667,84.66666666666667,83.66666666666667,84.66666666666667,85.66666666666667,85.66666666666667,86.66666666666667,86.66666666666667,85.66666666666667,85.66666666666667,84.33333333333333,74.66666666666667,69.33333333333333,63.333333333333336,60.333333333333336,60.666666666666664,59.666666666666664,55.666666666666664,51.666666666666664,65.33333333333333,82.33333333333333,87.33333333333333,85.33333333333333,89.0,85.66666666666667,81.0,84.66666666666667,87.66666666666667,86.33333333333333,87.66666666666667,88.33333333333333,85.66666666666667,81.33333333333333,84.33333333333333,85.33333333333333,85.33333333333333,84.33333333333333,82.33333333333333,82.33333333333333,84.33333333333333,86.33333333333333,85.33333333333333,85.33333333333333,85.33333333333333,85.33333333333333,85.33333333333333,86.33333333333333,87.33333333333333,87.33333333333333,86.33333333333333,86.33333333333333,86.33333333333333,87.33333333333333,87.33333333333333,87.33333333333333,88.33333333333333,88.33333333333333,87.33333333333333,87.33333333333333,87.33333333333333,88.33333333333333,88.33333333333333,88.33333333333333,89.33333333333333,89.33333333333333,87.66666666666667,87.66666666666667,87.66666666666667,87.66666666666667,87.66666666666667,87.66666666666667,87.66666666666667,87.66666666666667,88.66666666666667,88.66666666666667,88.66666666666667,88.66666666666667,88.66666666666667,88.66666666666667,88.66666666666667,88.66666666666667,87.33333333333333,87.33333333333333,87.33333333333333,87.33333333333333,87.33333333333333,87.33333333333333,87.33333333333333,87.33333333333333,88.33333333333333,86.33333333333333,85.33333333333333,87.33333333333333,89.33333333333333,89.33333333333333,87.33333333333333,85.33333333333333,82.33333333333333,83.33333333333333,85.33333333333333,86.33333333333333,87.33333333333333,87.33333333333333,86.33333333333333,86.33333333333333,84.33333333333333,87.33333333333333,90.33333333333333,89.33333333333333,86.33333333333333,83.33333333333333,82.33333333333333,83.33333333333333,84.66666666666667,84.66666666666667,84.66666666666667,84.66666666666667,84.66666666666667,84.66666666666667,84.66666666666667,84.66666666666667,84.66666666666667,84.66666666666667,84.66666666666667,84.66666666666667,84.66666666666667,83.66666666666667,83.66666666666667,83.66666666666667,85.66666666666667,85.33333333333333,86.33333333333333,86.33333333333333,85.33333333333333,83.33333333333333,80.33333333333333,78.33333333333333,80.33333333333333,82.33333333333333,85.33333333333333,86.33333333333333,86.33333333333333,86.33333333333333,87.33333333333333,89.33333333333333,88.66666666666667,88.66666666666667,88.66666666666667,88.66666666666667,87.66666666666667,86.66666666666667,84.66666666666667,84.66666666666667,84.66666666666667,85.66666666666667,85.66666666666667,86.66666666666667,86.66666666666667,85.66666666666667,85.66666666666667,84.33333333333333,77.66666666666667,72.33333333333333,65.33333333333333,60.333333333333336,58.666666666666664,57.666666666666664,57.666666666666664,56.666666666666664,68.33333333333333,84.33333333333333,88.33333333333333,85.33333333333333,89.0,86.0,82.0,85.66666666666667,87.66666666666667,85.33333333333333,87.33333333333333,88.33333333333333,84.33333333333333,79.33333333333333,85.33333333333333,86.33333333333333,86.33333333333333,84.33333333333333,82.33333333333333,81.33333333333333,83.33333333333333,84.33333333333333,85.33333333333333,85.33333333333333,85.33333333333333,85.33333333333333,86.33333333333333,86.33333333333333,87.33333333333333,87.33333333333333,86.33333333333333,86.33333333333333,86.33333333333333,86.33333333333333,87.33333333333333,87.33333333333333,87.33333333333333,88.33333333333333,87.33333333333333,87.33333333333333,87.33333333333333,87.33333333333333,88.33333333333333,88.33333333333333,88.33333333333333,89.33333333333333,87.66666666666667,87.66666666666667,87.66666666666667,87.66666666666667,87.66666666666667,87.66666666666667,87.66666666666667,87.66666666666667,88.66666666666667,88.66666666666667,88.66666666666667,88.66666666666667,88.66666666666667,88.66666666666667,88.66666666666667,88.66666666666667,88.33333333333333,88.33333333333333,88.33333333333333,88.33333333333333,88.33333333333333,88.33333333333333,88.33333333333333,88.33333333333333,87.33333333333333,86.33333333333333,86.33333333333333,87.33333333333333,88.33333333333333,88.33333333333333,86.33333333333333,84.33333333333333,78.33333333333333,80.33333333333333,84.33333333333333,86.33333333333333,87.33333333333333,86.33333333333333,84.33333333333333,82.33333333333333,86.33333333333333,88.33333333333333,90.33333333333333,90.33333333333333,87.33333333333333,85.33333333333333,84.33333333333333,84.33333333333333,83.66666666666667,82.66666666666667,81.66666666666667,80.66666666666667,80.66666666666667,81.66666666666667,82.66666666666667,83.66666666666667,83.66666666666667,83.66666666666667,83.66666666666667,83.66666666666667,83.66666666666667,83.66666666666667,83.66666666666667,83.66666666666667,84.66666666666667,85.33333333333333,85.33333333333333,85.33333333333333,84.33333333333333,82.33333333333333,80.33333333333333,78.33333333333333,81.33333333333333,83.33333333333333,85.33333333333333,86.33333333333333,86.33333333333333,86.33333333333333,87.33333333333333,89.33333333333333,89.66666666666667,89.66666666666667,89.66666666666667,89.66666666666667,88.66666666666667,87.66666666666667,85.66666666666667,85.66666666666667,85.66666666666667,85.66666666666667,86.66666666666667,86.66666666666667,86.66666666666667,86.66666666666667,85.66666666666667,85.33333333333333,77.66666666666667,73.33333333333333,67.33333333333333,60.333333333333336,54.666666666666664,54.666666666666664,57.666666666666664,60.666666666666664,69.33333333333333,85.33333333333333,88.33333333333333,85.33333333333333,88.0,86.0,82.0,86.66666666666667,86.66666666666667,85.33333333333333,87.33333333333333,89.33333333333333,86.33333333333333,80.33333333333333,86.33333333333333,87.33333333333333,87.33333333333333,84.33333333333333,82.33333333333333,81.33333333333333,82.33333333333333,83.33333333333333,83.33333333333333,83.33333333333333,84.33333333333333,85.33333333333333,85.33333333333333,85.33333333333333,85.33333333333333,85.33333333333333,85.33333333333333,85.33333333333333,86.33333333333333,86.33333333333333,86.33333333333333,87.33333333333333,87.33333333333333,87.33333333333333,86.33333333333333,86.33333333333333,87.33333333333333,87.33333333333333,87.33333333333333,88.33333333333333,88.33333333333333,88.33333333333333,88.66666666666667,88.66666666666667,88.66666666666667,88.66666666666667,88.66666666666667,88.66666666666667,88.66666666666667,88.66666666666667,87.66666666666667,87.66666666666667,87.66666666666667,87.66666666666667,87.66666666666667,87.66666666666667,87.66666666666667,87.66666666666667,88.33333333333333,88.33333333333333,88.33333333333333,88.33333333333333,88.33333333333333,88.33333333333333,88.33333333333333,88.33333333333333,87.33333333333333,86.33333333333333,86.33333333333333,87.33333333333333,87.33333333333333,87.33333333333333,85.33333333333333,84.33333333333333,79.33333333333333,80.33333333333333,83.33333333333333,85.33333333333333,86.33333333333333,85.33333333333333,84.33333333333333,83.33333333333333,88.33333333333333,89.33333333333333,90.33333333333333,90.33333333333333,89.33333333333333,87.33333333333333,86.33333333333333,86.33333333333333,83.66666666666667,81.66666666666667,79.66666666666667,78.66666666666667,78.66666666666667,80.66666666666667,82.66666666666667,84.66666666666667,82.66666666666667,82.66666666666667,82.66666666666667,83.66666666666667,83.66666666666667,83.66666666666667,83.66666666666667,83.66666666666667,84.66666666666667,84.33333333333333,84.33333333333333,84.33333333333333,83.33333333333333,82.33333333333333,80.33333333333333,79.33333333333333,81.33333333333333,84.33333333333333,86.33333333333333,87.33333333333333,86.33333333333333,86.33333333333333,87.33333333333333,89.33333333333333,89.66666666666667,90.66666666666667,90.66666666666667,89.66666666666667,89.66666666666667,87.66666666666667,86.66666666666667,85.66666666666667,85.66666666666667,85.66666666666667,86.66666666666667,87.66666666666667,87.66666666666667,86.66666666666667,85.66666666666667,85.33333333333333,81.66666666666667,79.33333333333333,75.33333333333333,67.33333333333333,60.666666666666664,58.666666666666664,61.666666666666664,65.66666666666667,68.33333333333333,84.33333333333333,87.33333333333333,83.33333333333333,86.0,84.0,81.0,85.66666666666667,85.66666666666667,85.33333333333333,88.33333333333333,92.33333333333333,91.33333333333333,85.33333333333333,86.33333333333333,87.33333333333333,87.33333333333333,84.33333333333333,82.33333333333333,81.33333333333333,82.33333333333333,83.33333333333333,81.33333333333333,82.33333333333333,83.33333333333333,84.33333333333333,85.33333333333333,84.33333333333333,84.33333333333333,83.33333333333333,85.33333333333333,85.33333333333333,85.33333333333333,86.33333333333333,86.33333333333333,86.33333333333333,87.33333333333333,87.33333333333333,86.33333333333333,86.33333333333333,86.33333333333333,87.33333333333333,87.33333333333333,87.33333333333333,88.33333333333333,88.33333333333333,88.66666666666667,88.66666666666667,88.66666666666667,88.66666666666667,88.66666666666667,88.66666666666667,88.66666666666667,88.66666666666667,87.66666666666667,87.66666666666667,87.66666666666667,87.66666666666667,87.66666666666667,87.66666666666667,87.66666666666667,87.66666666666667,88.33333333333333,88.33333333333333,88.33333333333333,88.33333333333333,88.33333333333333,88.33333333333333,88.33333333333333,88.33333333333333,86.33333333333333,87.33333333333333,87.33333333333333,87.33333333333333,86.33333333333333,85.33333333333333,84.33333333333333,84.33333333333333,83.33333333333333,83.33333333333333,83.33333333333333,84.33333333333333,84.33333333333333,85.33333333333333,87.33333333333333,87.33333333333333,89.33333333333333,89.33333333333333,88.33333333333333,89.33333333333333,89.33333333333333,89.33333333333333,88.33333333333333,87.33333333333333,84.66666666666667,83.66666666666667,81.66666666666667,80.66666666666667,80.66666666666667,82.66666666666667,85.66666666666667,86.66666666666667,82.66666666666667,82.66666666666667,82.66666666666667,83.66666666666667,83.66666666666667,84.66666666666667,84.66666666666667,84.66666666666667,84.66666666666667,84.33333333333333,84.33333333333333,84.33333333333333,83.33333333333333,82.33333333333333,81.33333333333333,81.33333333333333,82.33333333333333,85.33333333333333,87.33333333333333,87.33333333333333,87.33333333333333,86.33333333333333,87.33333333333333,88.33333333333333,89.66666666666667,90.66666666666667,90.66666666666667,89.66666666666667,89.66666666666667,87.66666666666667,86.66666666666667,85.66666666666667,85.66666666666667,86.66666666666667,87.66666666666667,87.66666666666667,87.66666666666667,87.66666666666667,86.66666666666667,85.33333333333333,85.66666666666667,86.33333333333333,83.33333333333333,77.33333333333333,70.66666666666667,66.66666666666667,66.66666666666667,69.66666666666667,64.33333333333333,80.33333333333333,84.33333333333333,81.33333333333333,85.0,83.0,80.0,84.66666666666667,86.66666666666667,85.66666666666667,89.66666666666667,95.66666666666667,97.66666666666667,92.66666666666667,85.33333333333333,86.33333333333333,86.33333333333333,84.33333333333333,82.33333333333333,81.33333333333333,83.33333333333333,84.33333333333333,81.33333333333333,82.33333333333333,83.33333333333333,85.33333333333333,85.33333333333333,85.33333333333333,83.33333333333333,83.33333333333333,84.33333333333333,85.33333333333333,85.33333333333333,85.33333333333333,86.33333333333333,86.33333333333333,86.33333333333333,86.33333333333333,85.33333333333333,86.33333333333333,86.33333333333333,86.33333333333333,87.33333333333333,87.33333333333333,87.33333333333333,87.33333333333333,87.66666666666667,87.66666666666667,87.66666666666667,87.66666666666667,87.66666666666667,87.66666666666667,87.66666666666667,87.66666666666667,86.66666666666667,86.66666666666667,86.66666666666667,86.66666666666667,86.66666666666667,86.66666666666667,86.66666666666667,86.66666666666667,87.33333333333333,87.33333333333333,87.33333333333333,87.33333333333333,87.33333333333333,87.33333333333333,87.33333333333333,87.33333333333333,85.33333333333333,87.33333333333333,88.33333333333333,87.33333333333333,85.33333333333333,83.33333333333333,83.33333333333333,84.33333333333333,85.33333333333333,85.33333333333333,84.33333333333333,84.33333333333333,84.33333333333333,86.33333333333333,88.33333333333333,90.33333333333333,90.33333333333333,88.33333333333333,87.33333333333333,87.33333333333333,89.33333333333333,89.33333333333333,88.33333333333333,87.33333333333333,84.66666666666667,84.66666666666667,83.66666666666667,83.66666666666667,84.66666666666667,85.66666666666667,87.66666666666667,88.66666666666667,82.66666666666667,83.66666666666667,83.66666666666667,84.66666666666667,84.66666666666667,85.66666666666667,86.66666666666667,86.66666666666667,85.66666666666667,85.33333333333333,85.33333333333333,84.33333333333333,84.33333333333333,83.33333333333333,83.33333333333333,83.33333333333333,83.33333333333333,85.33333333333333,88.33333333333333,88.33333333333333,87.33333333333333,86.33333333333333,87.33333333333333,88.33333333333333,89.66666666666667,89.66666666666667,89.66666666666667,89.66666666666667,88.66666666666667,87.66666666666667,85.66666666666667,85.66666666666667,86.66666666666667,86.66666666666667,87.66666666666667,87.66666666666667,87.66666666666667,87.66666666666667,86.66666666666667,86.33333333333333,82.66666666666667,81.33333333333333,78.33333333333333,73.33333333333333,67.66666666666667,63.666666666666664,61.666666666666664,61.666666666666664,59.333333333333336,77.33333333333333,83.33333333333333,81.33333333333333,86.0,84.0,80.0,83.66666666666667,86.66666666666667,84.66666666666667,88.66666666666667,95.66666666666667,98.66666666666667,95.66666666666667,84.33333333333333,85.33333333333333,85.33333333333333,84.33333333333333,82.33333333333333,82.33333333333333,84.33333333333333,86.33333333333333,82.33333333333333,83.33333333333333,86.33333333333333,87.33333333333333,88.33333333333333,87.33333333333333,85.33333333333333,84.33333333333333,84.33333333333333,84.33333333333333,85.33333333333333,85.33333333333333,85.33333333333333,86.33333333333333,86.33333333333333,86.33333333333333,85.33333333333333,85.33333333333333,86.33333333333333,86.33333333333333,86.33333333333333,87.33333333333333,87.33333333333333,87.33333333333333,87.66666666666667,87.66666666666667,87.66666666666667,87.66666666666667,87.66666666666667,87.66666666666667,87.66666666666667,87.66666666666667,86.66666666666667,86.66666666666667,86.66666666666667,86.66666666666667,86.66666666666667,86.66666666666667,86.66666666666667,86.66666666666667,86.33333333333333,86.33333333333333,86.33333333333333,86.33333333333333,86.33333333333333,86.33333333333333,86.33333333333333,86.33333333333333,85.33333333333333,87.33333333333333,89.33333333333333,88.33333333333333,84.33333333333333,82.33333333333333,82.33333333333333,84.33333333333333,83.33333333333333,84.33333333333333,85.33333333333333,86.33333333333333,86.33333333333333,87.33333333333333,87.33333333333333,87.33333333333333,89.33333333333333,87.33333333333333,85.33333333333333,86.33333333333333,88.33333333333333,89.33333333333333,88.33333333333333,86.33333333333333,84.66666666666667,84.66666666666667,85.66666666666667,85.66666666666667,86.66666666666667,87.66666666666667,88.66666666666667,88.66666666666667,83.66666666666667,83.66666666666667,84.66666666666667,85.66666666666667,86.66666666666667,87.66666666666667,87.66666666666667,88.66666666666667,87.66666666666667,86.33333333333333,86.33333333333333,85.33333333333333,85.33333333333333,85.33333333333333,85.33333333333333,85.33333333333333,84.33333333333333,86.33333333333333,88.33333333333333,88.33333333333333,87.33333333333333,86.33333333333333,87.33333333333333,88.33333333333333,88.66666666666667,88.66666666666667,88.66666666666667,88.66666666666667,87.66666666666667,86.66666666666667,84.66666666666667,84.66666666666667,86.66666666666667,87.66666666666667,87.66666666666667,88.66666666666667,88.66666666666667,87.66666666666667,87.66666666666667,86.33333333333333,79.66666666666667,74.33333333333333,67.33333333333333,62.333333333333336,59.666666666666664,57.666666666666664,55.666666666666664,53.666666666666664,56.333333333333336,75.33333333333333,82.33333333333333,83.33333333333333,88.0,86.0,81.0,84.66666666666667,86.66666666666667,83.66666666666667,85.66666666666667,92.66666666666667,95.66666666666667,92.66666666666667,83.33333333333333,84.33333333333333,85.33333333333333,84.33333333333333,83.33333333333333,83.33333333333333,85.33333333333333,87.33333333333333,84.33333333333333,85.33333333333333,88.33333333333333,89.33333333333333,90.33333333333333,89.33333333333333,87.33333333333333,86.33333333333333,84.33333333333333,84.33333333333333,84.33333333333333,85.33333333333333,85.33333333333333,86.33333333333333,86.33333333333333,86.33333333333333,85.33333333333333,85.33333333333333,85.33333333333333,86.33333333333333,86.33333333333333,87.33333333333333,87.33333333333333,87.33333333333333,86.66666666666667,86.66666666666667,86.66666666666667,86.66666666666667,86.66666666666667,86.66666666666667,86.66666666666667,86.66666666666667,86.66666666666667,86.66666666666667,86.66666666666667,86.66666666666667,86.66666666666667,86.66666666666667,86.66666666666667,86.66666666666667,85.33333333333333,85.33333333333333,85.33333333333333,85.33333333333333,85.33333333333333,85.33333333333333,85.33333333333333,85.33333333333333,85.33333333333333,87.33333333333333,89.33333333333333,88.33333333333333,84.33333333333333,82.33333333333333,82.33333333333333,84.33333333333333,80.33333333333333,82.33333333333333,85.33333333333333,88.33333333333333,88.33333333333333,88.33333333333333,86.33333333333333,84.33333333333333,89.33333333333333,86.33333333333333,84.33333333333333,85.33333333333333,88.33333333333333,89.33333333333333,88.33333333333333,86.33333333333333,83.66666666666667,84.66666666666667,85.66666666666667,87.66666666666667,88.66666666666667,88.66666666666667,88.66666666666667,88.66666666666667,84.66666666666667,84.66666666666667,85.66666666666667,86.66666666666667,87.66666666666667,88.66666666666667,88.66666666666667,89.66666666666667,88.66666666666667,87.33333333333333,86.33333333333333,86.33333333333333,85.33333333333333,85.33333333333333,86.33333333333333,86.33333333333333,84.33333333333333,86.33333333333333,88.33333333333333,89.33333333333333,87.33333333333333,86.33333333333333,87.33333333333333,88.33333333333333,87.66666666666667,87.66666666666667,87.66666666666667,87.66666666666667,86.66666666666667,85.66666666666667,84.66666666666667,83.66666666666667,86.66666666666667,87.66666666666667,87.66666666666667,88.66666666666667,88.66666666666667,87.66666666666667,87.66666666666667,86.33333333333333,83.66666666666667,75.33333333333333,65.33333333333333,59.333333333333336,58.666666666666664,58.666666666666664,56.666666666666664,55.666666666666664,54.333333333333336,74.33333333333333,83.33333333333333,85.33333333333333,91.0,88.0,83.0,86.0,86.66666666666667,82.66666666666667,82.66666666666667,88.66666666666667,91.66666666666667,88.66666666666667,84.33333333333333,85.33333333333333,85.33333333333333,85.33333333333333,85.33333333333333,84.33333333333333,83.33333333333333,82.33333333333333,90.33333333333333,88.33333333333333,86.33333333333333,86.33333333333333,91.33333333333333,99.33333333333333,107.33333333333333,112.33333333333333,114.33333333333333,102.33333333333333,89.33333333333333,82.33333333333333,83.33333333333333,86.33333333333333,85.33333333333333,82.33333333333333,84.33333333333333,85.33333333333333,86.33333333333333,87.33333333333333,88.33333333333333,89.33333333333333,89.33333333333333,89.33333333333333,87.66666666666667,87.66666666666667,87.66666666666667,87.66666666666667,87.66666666666667,87.66666666666667,87.66666666666667,87.66666666666667,87.66666666666667,87.66666666666667,87.66666666666667,88.66666666666667,88.66666666666667,89.66666666666667,89.66666666666667,89.66666666666667,89.33333333333333,89.33333333333333,87.33333333333333,86.33333333333333,86.33333333333333,86.33333333333333,86.33333333333333,86.33333333333333,85.33333333333333,85.33333333333333,85.33333333333333,85.33333333333333,85.33333333333333,85.33333333333333,85.33333333333333,85.33333333333333,87.33333333333333,86.33333333333333,86.33333333333333,86.33333333333333,86.33333333333333,87.33333333333333,88.33333333333333,89.33333333333333,86.33333333333333,87.33333333333333,88.33333333333333,88.33333333333333,89.33333333333333,89.33333333333333,88.33333333333333,88.33333333333333,91.66666666666667,90.66666666666667,88.66666666666667,85.66666666666667,84.66666666666667,85.66666666666667,88.66666666666667,91.66666666666667,85.66666666666667,85.66666666666667,85.66666666666667,85.66666666666667,85.66666666666667,85.66666666666667,85.66666666666667,85.66666666666667,84.66666666666667,85.33333333333333,85.33333333333333,85.33333333333333,85.33333333333333,85.33333333333333,85.33333333333333,85.33333333333333,86.33333333333333,87.33333333333333,88.33333333333333,89.33333333333333,89.33333333333333,89.33333333333333,89.33333333333333,88.33333333333333,87.66666666666667,87.66666666666667,87.66666666666667,87.66666666666667,87.66666666666667,87.66666666666667,87.66666666666667,87.66666666666667,87.66666666666667,87.66666666666667,87.66666666666667,87.66666666666667,87.66666666666667,87.66666666666667,87.66666666666667,87.33333333333333,88.66666666666667,77.33333333333333,65.33333333333333,60.333333333333336,58.666666666666664,55.666666666666664,54.666666666666664,56.666666666666664,53.333333333333336,62.333333333333336,90.33333333333333,88.33333333333333,83.0,94.0,87.0,79.0,82.66666666666667,83.66666666666667,86.66666666666667,88.66666666666667,89.66666666666667,88.66666666666667,84.33333333333333,85.33333333333333,85.33333333333333,85.33333333333333,85.33333333333333,84.33333333333333,83.33333333333333,82.33333333333333,82.33333333333333,81.33333333333333,80.33333333333333,80.33333333333333,82.33333333333333,85.33333333333333,88.33333333333333,90.33333333333333,97.33333333333333,90.33333333333333,84.33333333333333,81.33333333333333,83.33333333333333,85.33333333333333,85.33333333333333,83.33333333333333,84.33333333333333,85.33333333333333,86.33333333333333,87.33333333333333,88.33333333333333,89.33333333333333,89.33333333333333,89.33333333333333,87.66666666666667,87.66666666666667,87.66666666666667,87.66666666666667,87.66666666666667,87.66666666666667,87.66666666666667,87.66666666666667,87.66666666666667,87.66666666666667,87.66666666666667,88.66666666666667,88.66666666666667,89.66666666666667,89.66666666666667,89.66666666666667,89.33333333333333,88.33333333333333,87.33333333333333,87.33333333333333,86.33333333333333,86.33333333333333,86.33333333333333,87.33333333333333,88.33333333333333,88.33333333333333,88.33333333333333,88.33333333333333,88.33333333333333,88.33333333333333,88.33333333333333,88.33333333333333,87.33333333333333,87.33333333333333,87.33333333333333,88.33333333333333,88.33333333333333,88.33333333333333,89.33333333333333,89.33333333333333,85.33333333333333,86.33333333333333,87.33333333333333,89.33333333333333,90.33333333333333,90.33333333333333,90.33333333333333,90.33333333333333,87.66666666666667,92.66666666666667,95.66666666666667,92.66666666666667,86.66666666666667,83.66666666666667,85.66666666666667,89.66666666666667,85.66666666666667,85.66666666666667,85.66666666666667,85.66666666666667,85.66666666666667,85.66666666666667,85.66666666666667,85.66666666666667,85.66666666666667,85.33333333333333,85.33333333333333,85.33333333333333,86.33333333333333,86.33333333333333,86.33333333333333,86.33333333333333,85.33333333333333,86.33333333333333,87.33333333333333,87.33333333333333,88.33333333333333,87.33333333333333,87.33333333333333,86.33333333333333,87.66666666666667,87.66666666666667,87.66666666666667,87.66666666666667,87.66666666666667,87.66666666666667,87.66666666666667,87.66666666666667,87.66666666666667,87.66666666666667,87.66666666666667,87.66666666666667,87.66666666666667,87.66666666666667,87.66666666666667,87.33333333333333,88.66666666666667,76.33333333333333,65.33333333333333,60.333333333333336,58.666666666666664,55.666666666666664,55.666666666666664,57.666666666666664,54.333333333333336,62.333333333333336,90.33333333333333,88.33333333333333,83.0,94.0,87.0,81.0,87.66666666666667,88.66666666666667,89.66666666666667,91.66666666666667,91.66666666666667,91.66666666666667,85.33333333333333,85.33333333333333,85.33333333333333,85.33333333333333,85.33333333333333,84.33333333333333,83.33333333333333,83.33333333333333,81.33333333333333,82.33333333333333,83.33333333333333,84.33333333333333,84.33333333333333,83.33333333333333,82.33333333333333,81.33333333333333,84.33333333333333,84.33333333333333,84.33333333333333,85.33333333333333,85.33333333333333,85.33333333333333,84.33333333333333,84.33333333333333,85.33333333333333,85.33333333333333,87.33333333333333,88.33333333333333,89.33333333333333,89.33333333333333,89.33333333333333,88.33333333333333,87.66666666666667,87.66666666666667,87.66666666666667,87.66666666666667,87.66666666666667,87.66666666666667,87.66666666666667,87.66666666666667,88.66666666666667,88.66666666666667,88.66666666666667,88.66666666666667,89.66666666666667,89.66666666666667,89.66666666666667,89.66666666666667,89.33333333333333,88.33333333333333,88.33333333333333,87.33333333333333,86.33333333333333,87.33333333333333,87.33333333333333,87.33333333333333,90.33333333333333,90.33333333333333,90.33333333333333,90.33333333333333,90.33333333333333,90.33333333333333,90.33333333333333,90.33333333333333,87.33333333333333,88.33333333333333,89.33333333333333,91.33333333333333,91.33333333333333,90.33333333333333,90.33333333333333,89.33333333333333,85.33333333333333,86.33333333333333,87.33333333333333,89.33333333333333,91.33333333333333,92.33333333333333,92.33333333333333,92.33333333333333,85.66666666666667,93.66666666666667,100.66666666666667,98.66666666666667,89.66666666666667,83.66666666666667,84.66666666666667,87.66666666666667,86.66666666666667,86.66666666666667,86.66666666666667,86.66666666666667,86.66666666666667,86.66666666666667,86.66666666666667,86.66666666666667,87.66666666666667,87.33333333333333,87.33333333333333,87.33333333333333,86.33333333333333,86.33333333333333,86.33333333333333,86.33333333333333,85.33333333333333,85.33333333333333,86.33333333333333,86.33333333333333,86.33333333333333,85.33333333333333,85.33333333333333,84.33333333333333,87.66666666666667,87.66666666666667,87.66666666666667,87.66666666666667,87.66666666666667,87.66666666666667,87.66666666666667,87.66666666666667,86.66666666666667,86.66666666666667,86.66666666666667,86.66666666666667,86.66666666666667,86.66666666666667,86.66666666666667,86.33333333333333,87.66666666666667,75.33333333333333,64.33333333333333,60.333333333333336,59.666666666666664,56.666666666666664,56.666666666666664,58.666666666666664,56.333333333333336,62.333333333333336,89.33333333333333,87.33333333333333,82.0,93.0,88.0,84.0,86.66666666666667,87.66666666666667,87.66666666666667,87.66666666666667,88.66666666666667,88.66666666666667,85.33333333333333,85.33333333333333,86.33333333333333,86.33333333333333,85.33333333333333,85.33333333333333,84.33333333333333,83.33333333333333,83.33333333333333,85.33333333333333,87.33333333333333,89.33333333333333,90.33333333333333,90.33333333333333,89.33333333333333,89.33333333333333,85.33333333333333,88.33333333333333,90.33333333333333,90.33333333333333,86.33333333333333,84.33333333333333,83.33333333333333,84.33333333333333,86.33333333333333,86.33333333333333,87.33333333333333,88.33333333333333,89.33333333333333,89.33333333333333,89.33333333333333,88.33333333333333,88.66666666666667,88.66666666666667,88.66666666666667,88.66666666666667,88.66666666666667,88.66666666666667,88.66666666666667,88.66666666666667,88.66666666666667,89.66666666666667,89.66666666666667,89.66666666666667,89.66666666666667,89.66666666666667,89.66666666666667,89.66666666666667,89.33333333333333,88.33333333333333,88.33333333333333,87.33333333333333,87.33333333333333,87.33333333333333,88.33333333333333,88.33333333333333,87.33333333333333,87.33333333333333,87.33333333333333,87.33333333333333,87.33333333333333,87.33333333333333,87.33333333333333,87.33333333333333,87.33333333333333,89.33333333333333,91.33333333333333,93.33333333333333,93.33333333333333,92.33333333333333,91.33333333333333,89.33333333333333,88.33333333333333,88.33333333333333,90.33333333333333,91.33333333333333,92.33333333333333,92.33333333333333,92.33333333333333,91.33333333333333,86.66666666666667,92.66666666666667,98.66666666666667,98.66666666666667,92.66666666666667,87.66666666666667,86.66666666666667,88.66666666666667,87.66666666666667,87.66666666666667,87.66666666666667,87.66666666666667,87.66666666666667,87.66666666666667,87.66666666666667,87.66666666666667,88.66666666666667,88.33333333333333,88.33333333333333,87.33333333333333,87.33333333333333,87.33333333333333,87.33333333333333,86.33333333333333,86.33333333333333,86.33333333333333,86.33333333333333,87.33333333333333,86.33333333333333,85.33333333333333,84.33333333333333,84.33333333333333,86.66666666666667,86.66666666666667,86.66666666666667,86.66666666666667,86.66666666666667,86.66666666666667,86.66666666666667,86.66666666666667,86.66666666666667,86.66666666666667,86.66666666666667,86.66666666666667,86.66666666666667,86.66666666666667,86.66666666666667,86.33333333333333,86.66666666666667,75.33333333333333,64.33333333333333,60.333333333333336,59.666666666666664,57.666666666666664,57.666666666666664,60.666666666666664,59.333333333333336,62.333333333333336,88.33333333333333,88.33333333333333,83.0,93.0,89.0,87.0,87.66666666666667,87.66666666666667,86.66666666666667,86.66666666666667,86.66666666666667,87.66666666666667,85.33333333333333,86.33333333333333,86.33333333333333,86.33333333333333,86.33333333333333,85.33333333333333,84.33333333333333,83.33333333333333,82.33333333333333,83.33333333333333,84.33333333333333,85.33333333333333,87.33333333333333,89.33333333333333,90.33333333333333,91.33333333333333,88.33333333333333,91.33333333333333,92.33333333333333,90.33333333333333,85.33333333333333,83.33333333333333,85.33333333333333,87.33333333333333,87.33333333333333,87.33333333333333,88.33333333333333,89.33333333333333,89.33333333333333,89.33333333333333,89.33333333333333,88.33333333333333,88.66666666666667,88.66666666666667,88.66666666666667,88.66666666666667,88.66666666666667,88.66666666666667,88.66666666666667,88.66666666666667,90.66666666666667,89.66666666666667,89.66666666666667,89.66666666666667,89.66666666666667,89.66666666666667,89.66666666666667,89.66666666666667,89.33333333333333,88.33333333333333,88.33333333333333,87.33333333333333,87.33333333333333,88.33333333333333,89.33333333333333,89.33333333333333,86.33333333333333,86.33333333333333,86.33333333333333,86.33333333333333,86.33333333333333,86.33333333333333,86.33333333333333,86.33333333333333,88.33333333333333,90.33333333333333,92.33333333333333,94.33333333333333,94.33333333333333,93.33333333333333,91.33333333333333,90.33333333333333,93.33333333333333,93.33333333333333,93.33333333333333,93.33333333333333,92.33333333333333,91.33333333333333,90.33333333333333,89.33333333333333,91.66666666666667,90.66666666666667,90.66666666666667,92.66666666666667,93.66666666666667,93.66666666666667,92.66666666666667,90.66666666666667,87.66666666666667,87.66666666666667,87.66666666666667,87.66666666666667,87.66666666666667,87.66666666666667,87.66666666666667,87.66666666666667,88.66666666666667,88.33333333333333,88.33333333333333,87.33333333333333,87.33333333333333,86.33333333333333,86.33333333333333,86.33333333333333,86.33333333333333,86.33333333333333,87.33333333333333,87.33333333333333,87.33333333333333,87.33333333333333,86.33333333333333,85.33333333333333,86.66666666666667,86.66666666666667,86.66666666666667,86.66666666666667,86.66666666666667,86.66666666666667,86.66666666666667,86.66666666666667,86.66666666666667,86.66666666666667,86.66666666666667,86.66666666666667,86.66666666666667,86.66666666666667,86.66666666666667,86.33333333333333,86.66666666666667,75.33333333333333,64.33333333333333,61.333333333333336,60.666666666666664,58.666666666666664,58.666666666666664,60.666666666666664,60.333333333333336,61.333333333333336,88.33333333333333,89.33333333333333,85.0,93.0,89.0,89.0,93.0,93.0,92.0,91.0,91.0,92.0,86.33333333333333,86.33333333333333,87.33333333333333,87.33333333333333,86.33333333333333,85.33333333333333,84.33333333333333,84.33333333333333,85.33333333333333,84.33333333333333,83.33333333333333,82.33333333333333,83.33333333333333,84.33333333333333,86.33333333333333,87.33333333333333,85.33333333333333,87.33333333333333,88.33333333333333,87.33333333333333,85.33333333333333,84.33333333333333,87.33333333333333,90.33333333333333,88.33333333333333,88.33333333333333,89.33333333333333,89.33333333333333,89.33333333333333,89.33333333333333,88.33333333333333,88.33333333333333,89.66666666666667,89.66666666666667,89.66666666666667,89.66666666666667,89.66666666666667,89.66666666666667,89.66666666666667,89.66666666666667,90.66666666666667,90.66666666666667,90.66666666666667,90.66666666666667,89.66666666666667,89.66666666666667,89.66666666666667,89.66666666666667,89.33333333333333,88.33333333333333,88.33333333333333,88.33333333333333,88.33333333333333,89.33333333333333,90.33333333333333,90.33333333333333,89.33333333333333,89.33333333333333,89.33333333333333,89.33333333333333,89.33333333333333,89.33333333333333,89.33333333333333,89.33333333333333,89.33333333333333,90.33333333333333,92.33333333333333,93.33333333333333,93.33333333333333,93.33333333333333,92.33333333333333,91.33333333333333,96.33333333333333,96.33333333333333,95.33333333333333,94.33333333333333,93.33333333333333,91.33333333333333,89.33333333333333,88.33333333333333,93.66666666666667,89.66666666666667,86.66666666666667,88.66666666666667,93.66666666666667,95.66666666666667,94.66666666666667,91.66666666666667,88.66666666666667,88.66666666666667,88.66666666666667,88.66666666666667,88.66666666666667,88.66666666666667,88.66666666666667,88.66666666666667,88.66666666666667,88.33333333333333,88.33333333333333,87.33333333333333,86.33333333333333,85.33333333333333,85.33333333333333,85.33333333333333,85.33333333333333,85.33333333333333,86.33333333333333,87.33333333333333,88.33333333333333,88.33333333333333,87.33333333333333,87.33333333333333,85.66666666666667,85.66666666666667,85.66666666666667,85.66666666666667,85.66666666666667,85.66666666666667,85.66666666666667,85.66666666666667,87.66666666666667,87.66666666666667,87.66666666666667,87.66666666666667,87.66666666666667,87.66666666666667,87.66666666666667,87.33333333333333,88.66666666666667,76.33333333333333,65.33333333333333,61.333333333333336,60.666666666666664,57.666666666666664,57.666666666666664,59.666666666666664,60.333333333333336,60.333333333333336,88.33333333333333,92.33333333333333,88.0,94.0,89.0,90.0,92.0,92.0,92.0,92.0,92.0,91.0,86.33333333333333,86.33333333333333,87.33333333333333,87.33333333333333,86.33333333333333,86.33333333333333,85.33333333333333,84.33333333333333,86.33333333333333,85.33333333333333,85.33333333333333,84.33333333333333,84.33333333333333,85.33333333333333,85.33333333333333,86.33333333333333,83.33333333333333,84.33333333333333,86.33333333333333,87.33333333333333,87.33333333333333,87.33333333333333,88.33333333333333,89.33333333333333,88.33333333333333,89.33333333333333,89.33333333333333,90.33333333333333,90.33333333333333,89.33333333333333,88.33333333333333,88.33333333333333,89.66666666666667,89.66666666666667,89.66666666666667,89.66666666666667,89.66666666666667,89.66666666666667,89.66666666666667,89.66666666666667,91.66666666666667,91.66666666666667,91.66666666666667,90.66666666666667,90.66666666666667,89.66666666666667,89.66666666666667,89.66666666666667,88.33333333333333,88.33333333333333,88.33333333333333,88.33333333333333,88.33333333333333,89.33333333333333,90.33333333333333,91.33333333333333,90.33333333333333,90.33333333333333,90.33333333333333,90.33333333333333,90.33333333333333,90.33333333333333,90.33333333333333,90.33333333333333,90.33333333333333,90.33333333333333,91.33333333333333,91.33333333333333,92.33333333333333,92.33333333333333,92.33333333333333,92.33333333333333,96.33333333333333,96.33333333333333,96.33333333333333,95.33333333333333,94.33333333333333,92.33333333333333,91.33333333333333,90.33333333333333,91.66666666666667,90.66666666666667,89.66666666666667,89.66666666666667,91.66666666666667,92.66666666666667,91.66666666666667,90.66666666666667,89.66666666666667,89.66666666666667,89.66666666666667,89.66666666666667,89.66666666666667,89.66666666666667,89.66666666666667,89.66666666666667,88.66666666666667,87.33333333333333,87.33333333333333,86.33333333333333,85.33333333333333,84.33333333333333,84.33333333333333,83.33333333333333,82.33333333333333,83.33333333333333,84.33333333333333,86.33333333333333,87.33333333333333,87.33333333333333,87.33333333333333,87.33333333333333,85.66666666666667,85.66666666666667,85.66666666666667,85.66666666666667,85.66666666666667,85.66666666666667,85.66666666666667,85.66666666666667,88.66666666666667,88.66666666666667,88.66666666666667,88.66666666666667,88.66666666666667,88.66666666666667,88.66666666666667,88.33333333333333,89.66666666666667,78.33333333333333,66.33333333333333,62.333333333333336,60.666666666666664,57.666666666666664,56.666666666666664,58.666666666666664,59.333333333333336,59.333333333333336,88.33333333333333,94.33333333333333,90.0,95.0,89.0,91.0,89.0,90.0,91.0,91.0,91.0,90.0,86.33333333333333,87.33333333333333,87.33333333333333,87.33333333333333,87.33333333333333,86.33333333333333,85.33333333333333,84.33333333333333,81.33333333333333,82.33333333333333,83.33333333333333,85.33333333333333,86.33333333333333,86.33333333333333,85.33333333333333,85.33333333333333,85.33333333333333,87.33333333333333,89.33333333333333,91.33333333333333,91.33333333333333,90.33333333333333,88.33333333333333,86.33333333333333,89.33333333333333,89.33333333333333,90.33333333333333,90.33333333333333,90.33333333333333,89.33333333333333,88.33333333333333,88.33333333333333,89.66666666666667,89.66666666666667,89.66666666666667,89.66666666666667,89.66666666666667,89.66666666666667,89.66666666666667,89.66666666666667,91.66666666666667,91.66666666666667,91.66666666666667,90.66666666666667,90.66666666666667,89.66666666666667,89.66666666666667,89.66666666666667,88.33333333333333,88.33333333333333,88.33333333333333,88.33333333333333,88.33333333333333,90.33333333333333,91.33333333333333,91.33333333333333,89.33333333333333,89.33333333333333,89.33333333333333,89.33333333333333,89.33333333333333,89.33333333333333,89.33333333333333,89.33333333333333,91.33333333333333,90.33333333333333,90.66666666666667,90.33333333333333,90.66666666666667,91.33333333333333,92.66666666666667,93.33333333333333,94.66666666666667,94.66666666666667,95.66666666666667,94.66666666666667,95.33333333333333,93.66666666666667,93.33333333333333,92.33333333333333,88.33333333333333,91.33333333333333,93.33333333333333,93.33333333333333,90.33333333333333,88.33333333333333,88.33333333333333,89.33333333333333,89.33333333333333,89.33333333333333,89.66666666666667,89.66666666666667,89.66666666666667,89.66666666666667,89.66666666666667,89.66666666666667,87.66666666666667,87.33333333333333,86.33333333333333,85.33333333333333,84.33333333333333,83.33333333333333,83.33333333333333,82.33333333333333,79.33333333333333,80.33333333333333,82.33333333333333,84.33333333333333,86.33333333333333,87.33333333333333,87.33333333333333,87.33333333333333,85.66666666666667,85.66666666666667,85.66666666666667,85.66666666666667,85.66666666666667,85.66666666666667,85.66666666666667,85.66666666666667,89.66666666666667,89.66666666666667,89.66666666666667,89.66666666666667,89.66666666666667,89.66666666666667,89.66666666666667,89.33333333333333,91.66666666666667,79.0,67.66666666666667,62.666666666666664,60.666666666666664,57.666666666666664,56.666666666666664,58.666666666666664,58.666666666666664,58.666666666666664,87.66666666666667,95.66666666666667,91.33333333333333,94.33333333333333,88.33333333333333,90.33333333333333,91.33333333333333,92.33333333333333,94.33333333333333,95.33333333333333,94.33333333333333,92.33333333333333,90.33333333333333,89.33333333333333,88.33333333333333,87.33333333333333,86.33333333333333,86.33333333333333,86.33333333333333,86.33333333333333,86.33333333333333,86.33333333333333,85.33333333333333,84.33333333333333,84.33333333333333,84.33333333333333,84.33333333333333,85.33333333333333,88.33333333333333,88.33333333333333,89.33333333333333,90.33333333333333,90.33333333333333,90.33333333333333,89.33333333333333,89.33333333333333,88.33333333333333,89.33333333333333,89.33333333333333,88.33333333333333,86.33333333333333,86.33333333333333,87.33333333333333,89.33333333333333,91.33333333333333,90.33333333333333,89.33333333333333,88.33333333333333,88.33333333333333,90.33333333333333,91.33333333333333,92.33333333333333,89.33333333333333,89.33333333333333,90.33333333333333,90.33333333333333,90.33333333333333,90.33333333333333,90.33333333333333,90.33333333333333,87.33333333333333,87.33333333333333,88.33333333333333,88.33333333333333,88.33333333333333,88.33333333333333,89.33333333333333,89.33333333333333,91.33333333333333,91.33333333333333,90.33333333333333,90.33333333333333,89.33333333333333,89.33333333333333,88.33333333333333,88.33333333333333,88.66666666666667,91.66666666666667,90.66666666666667,84.66666666666667,85.33333333333333,91.33333333333333,94.33333333333333,91.33333333333333,97.33333333333333,91.66666666666667,91.33333333333333,94.66666666666667,93.66666666666667,88.66666666666667,88.66666666666667,92.66666666666667,94.0,92.0,90.0,90.0,92.0,94.0,94.66666666666667,94.66666666666667,92.66666666666667,93.66666666666667,95.33333333333333,95.33333333333333,94.33333333333333,92.33333333333333,91.33333333333333,89.33333333333333,90.66666666666667,88.33333333333333,85.33333333333333,85.33333333333333,85.33333333333333,86.33333333333333,85.33333333333333,83.33333333333333,83.33333333333333,83.33333333333333,82.33333333333333,82.33333333333333,82.33333333333333,83.33333333333333,83.33333333333333,84.33333333333333,80.66666666666667,80.66666666666667,83.33333333333333,83.66666666666667,85.33333333333333,85.66666666666667,86.33333333333333,84.66666666666667,87.33333333333333,87.66666666666667,89.33333333333333,89.66666666666667,91.33333333333333,91.66666666666667,92.33333333333333,92.33333333333333,94.33333333333333,82.66666666666667,69.33333333333333,60.666666666666664,58.666666666666664,58.666666666666664,56.666666666666664,54.666666666666664,52.666666666666664,59.0,81.0,96.0,92.33333333333333,90.33333333333333,92.33333333333333,87.33333333333333,96.66666666666667,95.66666666666667,94.66666666666667,93.66666666666667,92.66666666666667,91.66666666666667,87.33333333333333,86.33333333333333,86.33333333333333,86.33333333333333,86.33333333333333,87.33333333333333,88.33333333333333,89.33333333333333,87.33333333333333,86.33333333333333,86.33333333333333,85.33333333333333,85.33333333333333,85.33333333333333,86.33333333333333,86.33333333333333,88.33333333333333,89.33333333333333,89.33333333333333,90.33333333333333,90.33333333333333,90.33333333333333,89.33333333333333,88.33333333333333,88.33333333333333,89.33333333333333,89.33333333333333,88.33333333333333,88.33333333333333,88.33333333333333,89.33333333333333,90.33333333333333,92.33333333333333,92.33333333333333,91.33333333333333,90.33333333333333,91.33333333333333,92.33333333333333,93.33333333333333,94.33333333333333,90.33333333333333,91.33333333333333,91.33333333333333,91.33333333333333,91.33333333333333,91.33333333333333,91.33333333333333,91.33333333333333,88.33333333333333,88.33333333333333,88.33333333333333,88.33333333333333,88.33333333333333,88.33333333333333,88.33333333333333,88.33333333333333,89.33333333333333,89.33333333333333,88.33333333333333,88.33333333333333,87.33333333333333,87.33333333333333,87.33333333333333,87.33333333333333,84.66666666666667,89.66666666666667,90.66666666666667,87.66666666666667,88.33333333333333,91.33333333333333,91.33333333333333,86.33333333333333,95.66666666666667,89.66666666666667,86.66666666666667,88.66666666666667,87.0,84.0,86.0,91.0,89.0,87.0,85.0,85.0,88.0,90.0,91.0,91.0,93.66666666666667,93.66666666666667,94.66666666666667,94.66666666666667,94.33333333333333,93.33333333333333,91.33333333333333,89.33333333333333,91.66666666666667,88.33333333333333,86.33333333333333,85.33333333333333,86.33333333333333,86.33333333333333,85.33333333333333,84.33333333333333,85.33333333333333,84.33333333333333,84.33333333333333,83.33333333333333,83.33333333333333,83.33333333333333,84.33333333333333,84.33333333333333,80.66666666666667,81.66666666666667,83.66666666666667,84.66666666666667,85.66666666666667,85.66666666666667,85.66666666666667,85.66666666666667,86.66666666666667,87.66666666666667,88.66666666666667,89.66666666666667,90.66666666666667,90.66666666666667,90.66666666666667,90.66666666666667,92.66666666666667,82.66666666666667,69.66666666666667,60.666666666666664,58.666666666666664,58.666666666666664,56.666666666666664,54.666666666666664,56.0,58.0,76.0,90.0,88.0,87.0,91.0,88.0,89.33333333333333,89.33333333333333,89.33333333333333,89.33333333333333,89.33333333333333,89.33333333333333,84.33333333333333,84.33333333333333,85.33333333333333,85.33333333333333,87.33333333333333,89.33333333333333,90.33333333333333,91.33333333333333,87.33333333333333,87.33333333333333,86.33333333333333,86.33333333333333,86.33333333333333,87.33333333333333,88.33333333333333,88.33333333333333,89.33333333333333,89.33333333333333,90.33333333333333,90.33333333333333,90.33333333333333,90.33333333333333,89.33333333333333,88.33333333333333,88.33333333333333,88.33333333333333,89.33333333333333,89.33333333333333,90.33333333333333,91.33333333333333,91.33333333333333,92.33333333333333,93.33333333333333,93.33333333333333,93.33333333333333,93.33333333333333,93.33333333333333,94.33333333333333,95.33333333333333,96.33333333333333,92.33333333333333,92.33333333333333,92.33333333333333,92.33333333333333,92.33333333333333,92.33333333333333,92.33333333333333,92.33333333333333,88.33333333333333,88.33333333333333,88.33333333333333,88.33333333333333,88.33333333333333,88.33333333333333,88.33333333333333,88.33333333333333,87.33333333333333,86.33333333333333,85.33333333333333,85.33333333333333,84.33333333333333,84.33333333333333,85.33333333333333,85.33333333333333,80.66666666666667,85.66666666666667,89.66666666666667,89.66666666666667,89.33333333333333,90.33333333333333,87.33333333333333,82.33333333333333,92.66666666666667,86.66666666666667,82.66666666666667,82.66666666666667,81.0,80.0,83.0,88.0,85.0,83.0,82.0,83.0,86.0,89.0,91.0,91.0,93.66666666666667,93.66666666666667,94.66666666666667,94.66666666666667,95.33333333333333,93.33333333333333,91.33333333333333,90.33333333333333,92.66666666666667,89.33333333333333,87.33333333333333,86.33333333333333,87.33333333333333,87.33333333333333,86.33333333333333,85.33333333333333,87.33333333333333,86.33333333333333,85.33333333333333,84.33333333333333,84.33333333333333,84.33333333333333,84.33333333333333,84.33333333333333,82.66666666666667,83.66666666666667,84.66666666666667,85.66666666666667,86.66666666666667,86.66666666666667,86.66666666666667,86.66666666666667,86.66666666666667,86.66666666666667,87.66666666666667,89.66666666666667,89.66666666666667,90.66666666666667,89.66666666666667,89.66666666666667,90.66666666666667,81.66666666666667,69.66666666666667,61.666666666666664,58.666666666666664,57.666666666666664,56.666666666666664,55.666666666666664,59.0,56.0,70.0,84.0,84.0,85.0,89.0,87.0,87.33333333333333,88.33333333333333,88.33333333333333,90.33333333333333,91.33333333333333,92.33333333333333,85.33333333333333,85.33333333333333,85.33333333333333,86.33333333333333,87.33333333333333,88.33333333333333,90.33333333333333,91.33333333333333,87.33333333333333,87.33333333333333,87.33333333333333,87.33333333333333,87.33333333333333,88.33333333333333,90.33333333333333,90.33333333333333,90.33333333333333,90.33333333333333,91.33333333333333,91.33333333333333,90.33333333333333,90.33333333333333,89.33333333333333,88.33333333333333,89.33333333333333,88.33333333333333,89.33333333333333,90.33333333333333,92.33333333333333,94.33333333333333,93.33333333333333,92.33333333333333,92.33333333333333,92.33333333333333,93.33333333333333,93.33333333333333,94.33333333333333,95.33333333333333,95.33333333333333,96.33333333333333,94.33333333333333,94.33333333333333,93.33333333333333,93.33333333333333,93.33333333333333,93.33333333333333,92.33333333333333,92.33333333333333,90.33333333333333,89.33333333333333,89.33333333333333,88.33333333333333,88.33333333333333,87.33333333333333,87.33333333333333,86.33333333333333,85.33333333333333,84.33333333333333,83.33333333333333,82.33333333333333,82.33333333333333,82.33333333333333,83.33333333333333,84.33333333333333,80.66666666666667,83.66666666666667,86.66666666666667,87.66666666666667,88.33333333333333,86.33333333333333,84.33333333333333,81.33333333333333,87.66666666666667,84.66666666666667,82.66666666666667,80.66666666666667,79.0,79.0,81.0,83.0,85.0,84.0,83.0,85.0,88.0,92.0,94.0,94.0,93.66666666666667,94.66666666666667,95.66666666666667,95.66666666666667,95.33333333333333,93.33333333333333,91.33333333333333,90.33333333333333,92.66666666666667,90.33333333333333,88.33333333333333,87.33333333333333,88.33333333333333,88.33333333333333,87.33333333333333,86.33333333333333,89.33333333333333,88.33333333333333,87.33333333333333,85.33333333333333,85.33333333333333,85.33333333333333,85.33333333333333,85.33333333333333,83.66666666666667,84.66666666666667,85.66666666666667,86.66666666666667,86.66666666666667,86.66666666666667,86.66666666666667,86.66666666666667,85.66666666666667,86.66666666666667,87.66666666666667,88.66666666666667,88.66666666666667,89.66666666666667,88.66666666666667,88.66666666666667,88.66666666666667,81.66666666666667,70.66666666666667,62.666666666666664,58.666666666666664,57.666666666666664,56.666666666666664,56.666666666666664,61.0,55.0,67.0,85.0,86.0,86.0,88.0,84.0,86.33333333333333,86.33333333333333,87.33333333333333,88.33333333333333,89.33333333333333,90.33333333333333,88.33333333333333,87.33333333333333,87.33333333333333,86.33333333333333,86.33333333333333,87.33333333333333,87.33333333333333,88.33333333333333,87.33333333333333,86.33333333333333,87.33333333333333,87.33333333333333,88.33333333333333,90.33333333333333,91.33333333333333,92.33333333333333,91.33333333333333,91.33333333333333,91.33333333333333,91.33333333333333,91.33333333333333,90.33333333333333,89.33333333333333,88.33333333333333,89.33333333333333,88.33333333333333,88.33333333333333,91.33333333333333,94.33333333333333,95.33333333333333,93.33333333333333,91.33333333333333,90.33333333333333,90.33333333333333,91.33333333333333,92.33333333333333,93.33333333333333,94.33333333333333,94.33333333333333,95.33333333333333,95.33333333333333,94.33333333333333,94.33333333333333,94.33333333333333,93.33333333333333,93.33333333333333,92.33333333333333,92.33333333333333,91.33333333333333,90.33333333333333,89.33333333333333,89.33333333333333,87.33333333333333,87.33333333333333,86.33333333333333,85.33333333333333,84.33333333333333,83.33333333333333,81.33333333333333,80.33333333333333,80.33333333333333,82.33333333333333,83.33333333333333,85.33333333333333,84.66666666666667,83.66666666666667,83.66666666666667,84.66666666666667,84.33333333333333,83.33333333333333,83.33333333333333,83.33333333333333,82.66666666666667,83.66666666666667,84.66666666666667,82.66666666666667,82.0,81.0,80.0,78.0,85.0,83.0,83.0,85.0,89.0,92.0,94.0,95.0,94.66666666666667,94.66666666666667,95.66666666666667,95.66666666666667,95.33333333333333,94.33333333333333,92.33333333333333,91.33333333333333,92.66666666666667,90.33333333333333,88.33333333333333,87.33333333333333,88.33333333333333,88.33333333333333,87.33333333333333,86.33333333333333,88.33333333333333,88.33333333333333,87.33333333333333,86.33333333333333,85.33333333333333,85.33333333333333,86.33333333333333,86.33333333333333,84.66666666666667,84.66666666666667,85.66666666666667,86.66666666666667,86.66666666666667,86.66666666666667,85.66666666666667,85.66666666666667,85.66666666666667,86.66666666666667,87.66666666666667,87.66666666666667,88.66666666666667,87.66666666666667,87.66666666666667,87.66666666666667,86.66666666666667,80.66666666666667,71.66666666666667,63.666666666666664,58.666666666666664,57.666666666666664,56.666666666666664,56.666666666666664,60.0,54.0,69.0,90.0,91.0,87.0,86.0,82.0,81.33333333333333,81.33333333333333,81.33333333333333,81.33333333333333,81.33333333333333,82.33333333333333,90.33333333333333,89.33333333333333,88.33333333333333,87.33333333333333,86.33333333333333,85.33333333333333,85.33333333333333,85.33333333333333,85.33333333333333,85.33333333333333,86.33333333333333,87.33333333333333,88.33333333333333,90.33333333333333,92.33333333333333,93.33333333333333,92.33333333333333,92.33333333333333,92.33333333333333,92.33333333333333,91.33333333333333,90.33333333333333,89.33333333333333,88.33333333333333,90.33333333333333,88.33333333333333,88.33333333333333,91.33333333333333,95.33333333333333,95.33333333333333,92.33333333333333,89.33333333333333,87.33333333333333,88.33333333333333,90.33333333333333,92.33333333333333,93.33333333333333,93.33333333333333,93.33333333333333,93.33333333333333,95.33333333333333,95.33333333333333,94.33333333333333,93.33333333333333,93.33333333333333,92.33333333333333,91.33333333333333,91.33333333333333,92.33333333333333,91.33333333333333,90.33333333333333,89.33333333333333,87.33333333333333,86.33333333333333,85.33333333333333,84.33333333333333,85.33333333333333,83.33333333333333,81.33333333333333,80.33333333333333,81.33333333333333,82.33333333333333,85.33333333333333,86.33333333333333,88.66666666666667,83.66666666666667,81.66666666666667,82.66666666666667,81.33333333333333,80.33333333333333,82.33333333333333,86.33333333333333,80.66666666666667,84.66666666666667,85.66666666666667,84.66666666666667,83.0,83.0,80.0,76.0,82.0,81.0,80.0,82.0,86.0,89.0,91.0,91.0,94.66666666666667,95.66666666666667,95.66666666666667,96.66666666666667,96.33333333333333,94.33333333333333,92.33333333333333,91.33333333333333,92.66666666666667,89.33333333333333,87.33333333333333,86.33333333333333,87.33333333333333,87.33333333333333,86.33333333333333,85.33333333333333,87.33333333333333,86.33333333333333,86.33333333333333,85.33333333333333,85.33333333333333,86.33333333333333,87.33333333333333,87.33333333333333,83.66666666666667,84.66666666666667,85.66666666666667,85.66666666666667,85.66666666666667,85.66666666666667,84.66666666666667,84.66666666666667,85.66666666666667,85.66666666666667,86.66666666666667,87.66666666666667,87.66666666666667,86.66666666666667,86.66666666666667,85.66666666666667,85.66666666666667,80.66666666666667,72.66666666666667,64.66666666666667,58.666666666666664,56.666666666666664,56.666666666666664,57.666666666666664,58.0,54.0,72.0,95.0,95.0,86.0,84.0,82.0,82.33333333333333,82.33333333333333,82.33333333333333,81.33333333333333,81.33333333333333,80.33333333333333
