Occupied,156.66666666666666,157.66666666666666,158.66666666666666,159.66666666666666,158.66666666666666,157.66666666666666,154.33333333333334,153.33333333333334,153.33333333333334,162.33333333333334,160.33333333333334,157.33333333333334,163.33333333333334,163.33333333333334,159.33333333333334,165.0,124.66666666666667,126.66666666666667,214.66666666666666,253.33333333333334,237.0,240.0,241.33333333333334,235.33333333333334,233.66666666666666,155.66666666666666,100.0,95.0,105.66666666666667,88.66666666666667,94.66666666666667,162.66666666666666,245.33333333333334,238.0,241.0,249.0,233.66666666666666,232.66666666666666,201.66666666666666,237.66666666666666,205.66666666666666,109.66666666666667,114.0,116.0,117.0,107.0,114.66666666666667,112.66666666666667,113.0,113.0,113.0,112.0,112.0,112.0,111.0,111.0,110.0,110.0,110.0,110.0,110.0,110.0,110.0,110.0,110.0,110.0,110.0,110.0,110.0,110.0,110.0,110.0,112.0,111.0,110.0,110.0,109.0,109.0,110.0,110.0,109.0,109.0,109.0,109.0,109.0,109.0,109.0,109.0,119.0,109.0,108.0,115.0,110.0,94.0,91.0,102.0,187.0,224.33333333333334,253.33333333333334,211.66666666666666,168.66666666666666,134.33333333333334,149.0,143.33333333333334,154.33333333333334,141.0,155.0,160.0,143.33333333333334,150.66666666666666,160.33333333333334,140.33333333333334,142.66666666666666,139.66666666666666,139.66666666666666,146.66666666666666,156.66666666666666,161.66666666666666,159.66666666666666,154.66666666666666,152.66666666666666,153.66666666666666,154.66666666666666,155.66666666666666,154.66666666666666,153.66666666666666,152.66666666666666,151.66666666666666,156.33333333333334,154.33333333333334,153.33333333333334,152.33333333333334,153.33333333333334,155.33333333333334,157.33333333333334,159.33333333333334,155.33333333333334,161.33333333333334,161.33333333333334,156.33333333333334,154.33333333333334,158.33333333333334,160.33333333333334,157.33333333333334,162.66666666666666,161.66666666666666,161.66666666666666,160.66666666666666,161.66666666666666,162.66666666666666,150.66666666666666,150.66666666666666,150.66666666666666,151.66666666666666,153.66666666666666,155.66666666666666,156.33333333333334,157.33333333333334,155.33333333333334,168.33333333333334,166.33333333333334,159.33333333333334,163.33333333333334,161.33333333333334,148.33333333333334,143.0,133.66666666666666,186.66666666666666,248.66666666666666,241.66666666666666,228.0,242.0,238.33333333333334,241.33333333333334,221.66666666666666,144.66666666666666,102.0,101.0,104.66666666666667,88.66666666666667,88.66666666666667,133.66666666666666,228.33333333333334,241.0,237.0,242.0,236.66666666666666,236.66666666666666,207.66666666666666,226.66666666666666,218.66666666666666,121.66666666666667,113.0,116.0,119.0,108.0,111.66666666666667,111.66666666666667,112.0,112.0,112.0,111.0,111.0,111.0,110.0,110.0,110.0,110.0,110.0,110.0,110.0,110.0,110.0,110.0,110.0,110.0,110.0,110.0,110.0,110.0,110.0,110.0,112.0,111.0,110.0,109.0,109.0,109.0,109.0,109.0,109.0,109.0,109.0,109.0,109.0,109.0,109.0,109.0,113.0,107.0,108.0,114.0,111.0,98.0,92.0,94.0,152.0,204.33333333333334,230.0,239.66666666666666,196.66666666666666,168.33333333333334,141.0,158.66666666666666,153.33333333333334,138.0,144.0,152.0,141.66666666666666,140.66666666666666,145.33333333333334,136.33333333333334,140.66666666666666,137.66666666666666,136.66666666666666,140.66666666666666,147.66666666666666,152.66666666666666,153.66666666666666,152.66666666666666,155.66666666666666,156.66666666666666,157.66666666666666,158.66666666666666,158.66666666666666,157.66666666666666,156.66666666666666,156.66666666666666,157.33333333333334,156.33333333333334,155.33333333333334,154.33333333333334,154.33333333333334,156.33333333333334,158.33333333333334,160.33333333333334,155.33333333333334,161.33333333333334,162.33333333333334,157.33333333333334,156.33333333333334,161.33333333333334,163.33333333333334,161.33333333333334,163.66666666666666,163.66666666666666,163.66666666666666,162.66666666666666,163.66666666666666,163.66666666666666,147.66666666666666,145.66666666666666,144.66666666666666,144.66666666666666,146.66666666666666,149.66666666666666,153.33333333333334,156.33333333333334,155.33333333333334,166.33333333333334,161.33333333333334,152.33333333333334,156.33333333333334,156.33333333333334,147.33333333333334,145.0,183.66666666666666,239.66666666666666,251.66666666666666,221.66666666666666,240.0,252.66666666666666,232.33333333333334,239.33333333333334,214.66666666666666,133.66666666666666,102.0,103.0,96.66666666666667,90.66666666666667,88.66666666666667,106.66666666666667,198.33333333333334,245.0,235.0,234.0,241.66666666666666,240.66666666666666,217.66666666666666,211.66666666666666,235.66666666666666,140.66666666666666,112.0,114.0,121.0,109.0,107.66666666666667,110.66666666666667,111.0,111.0,110.0,110.0,110.0,109.0,109.0,109.0,109.0,109.0,109.0,109.0,109.0,109.0,109.0,109.0,109.0,109.0,109.0,109.0,109.0,109.0,109.0,109.0,111.0,110.0,109.0,108.0,108.0,108.0,108.0,109.0,108.0,108.0,108.0,108.0,108.0,108.0,108.0,108.0,106.0,107.0,109.0,111.0,111.0,105.0,95.0,87.0,102.0,171.33333333333334,213.0,246.66666666666666,232.0,206.66666666666666,157.33333333333334,157.33333333333334,154.33333333333334,144.33333333333334,142.0,149.0,147.66666666666666,139.66666666666666,139.33333333333334,142.33333333333334,141.66666666666666,140.66666666666666,140.66666666666666,141.66666666666666,143.66666666666666,147.66666666666666,151.66666666666666,153.66666666666666,155.66666666666666,156.66666666666666,157.66666666666666,158.66666666666666,159.66666666666666,159.66666666666666,159.66666666666666,159.66666666666666,159.33333333333334,158.33333333333334,157.33333333333334,156.33333333333334,157.33333333333334,158.33333333333334,160.33333333333334,161.33333333333334,157.33333333333334,161.33333333333334,162.33333333333334,159.33333333333334,157.33333333333334,159.33333333333334,160.33333333333334,159.33333333333334,161.66666666666666,162.66666666666666,162.66666666666666,162.66666666666666,162.66666666666666,161.66666666666666,149.66666666666666,147.66666666666666,145.66666666666666,143.66666666666666,143.66666666666666,144.66666666666666,146.33333333333334,148.33333333333334,154.33333333333334,154.33333333333334,147.33333333333334,144.33333333333334,147.33333333333334,146.33333333333334,158.33333333333334,184.0,232.66666666666666,250.66666666666666,237.66666666666666,228.66666666666666,252.0,246.0,226.33333333333334,245.33333333333334,214.66666666666666,126.66666666666667,99.0,98.0,85.66666666666667,93.66666666666667,98.66666666666667,96.66666666666667,163.33333333333334,243.0,240.0,231.0,242.66666666666666,239.66666666666666,226.66666666666666,201.66666666666666,245.66666666666666,160.66666666666666,110.0,110.0,121.0,111.0,104.66666666666667,110.66666666666667,109.0,109.0,109.0,108.0,108.0,108.0,107.0,107.0,108.0,108.0,108.0,108.0,108.0,108.0,108.0,108.0,108.0,108.0,108.0,108.0,108.0,108.0,108.0,108.0,109.0,109.0,108.0,107.0,107.0,107.0,107.0,107.0,107.0,107.0,107.0,107.0,107.0,107.0,107.0,107.0,104.0,108.0,109.0,107.0,109.0,111.0,101.0,86.0,71.0,131.33333333333334,209.0,225.66666666666666,247.0,228.0,199.33333333333334,146.0,145.66666666666666,151.33333333333334,149.33333333333334,147.0,149.66666666666666,145.66666666666666,142.33333333333334,149.33333333333334,139.66666666666666,142.66666666666666,144.66666666666666,144.66666666666666,143.66666666666666,144.66666666666666,148.66666666666666,151.66666666666666,152.66666666666666,153.66666666666666,154.66666666666666,155.66666666666666,156.66666666666666,157.66666666666666,157.66666666666666,158.66666666666666,161.33333333333334,160.33333333333334,159.33333333333334,159.33333333333334,159.33333333333334,160.33333333333334,161.33333333333334,162.33333333333334,159.33333333333334,161.33333333333334,162.33333333333334,160.33333333333334,157.33333333333334,156.33333333333334,156.33333333333334,155.33333333333334,157.66666666666666,158.66666666666666,159.66666666666666,159.66666666666666,159.66666666666666,157.66666666666666,148.66666666666666,148.66666666666666,147.66666666666666,146.66666666666666,145.66666666666666,144.66666666666666,144.33333333333334,144.33333333333334,155.33333333333334,146.33333333333334,141.33333333333334,147.33333333333334,144.33333333333334,136.33333333333334,165.33333333333334,221.0,240.66666666666666,239.66666666666666,240.66666666666666,249.66666666666666,241.0,225.0,234.33333333333334,252.66666666666666,203.66666666666666,115.66666666666667,93.0,95.0,82.66666666666667,98.66666666666667,105.66666666666667,92.66666666666667,132.33333333333334,228.0,248.0,235.0,241.66666666666666,237.66666666666666,232.66666666666666,199.66666666666666,243.66666666666666,179.66666666666666,111.0,106.0,119.0,113.0,103.66666666666667,110.66666666666667,108.0,108.0,108.0,108.0,107.0,107.0,107.0,106.0,106.0,106.0,106.0,106.0,106.0,106.0,106.0,106.0,106.0,106.0,106.0,106.0,106.0,106.0,106.0,106.0,108.0,108.0,107.0,106.0,105.0,105.0,106.0,106.0,105.0,105.0,105.0,105.0,105.0,105.0,105.0,105.0,105.0,110.0,108.0,104.0,107.0,113.0,106.0,92.0,73.0,96.33333333333333,177.0,212.66666666666666,235.0,240.0,232.33333333333334,161.66666666666666,132.33333333333334,149.66666666666666,149.66666666666666,140.66666666666666,141.66666666666666,146.66666666666666,145.66666666666666,145.66666666666666,135.66666666666666,141.66666666666666,147.66666666666666,148.66666666666666,146.66666666666666,145.66666666666666,147.66666666666666,149.66666666666666,152.66666666666666,152.66666666666666,153.66666666666666,154.66666666666666,155.66666666666666,156.66666666666666,157.66666666666666,157.66666666666666,161.33333333333334,161.33333333333334,160.33333333333334,160.33333333333334,160.33333333333334,160.33333333333334,160.33333333333334,161.33333333333334,159.33333333333334,160.33333333333334,162.33333333333334,162.33333333333334,160.33333333333334,158.33333333333334,158.33333333333334,159.33333333333334,156.66666666666666,157.66666666666666,158.66666666666666,158.66666666666666,158.66666666666666,156.66666666666666,145.66666666666666,145.66666666666666,146.66666666666666,147.66666666666666,147.66666666666666,148.66666666666666,149.33333333333334,149.33333333333334,155.33333333333334,150.33333333333334,150.33333333333334,156.33333333333334,147.33333333333334,131.33333333333334,165.33333333333334,231.0,238.66666666666666,233.66666666666666,236.66666666666666,246.66666666666666,233.0,233.0,251.33333333333334,234.33333333333334,182.66666666666666,101.66666666666667,88.0,97.0,89.66666666666667,101.66666666666667,101.66666666666667,87.66666666666667,109.33333333333333,197.0,251.0,238.0,238.66666666666666,237.66666666666666,237.66666666666666,201.66666666666666,234.66666666666666,198.66666666666666,117.0,104.0,115.0,115.0,103.66666666666667,110.66666666666667,108.0,108.0,108.0,108.0,107.0,107.0,106.0,106.0,105.0,105.0,105.0,105.0,105.0,105.0,105.0,105.0,105.0,105.0,105.0,105.0,105.0,105.0,105.0,105.0,107.0,106.0,105.0,105.0,104.0,104.0,105.0,105.0,104.0,104.0,104.0,104.0,104.0,104.0,104.0,104.0,106.0,109.0,107.0,103.0,105.0,111.0,108.0,100.0,88.0,78.66666666666667,120.33333333333333,202.0,214.0,244.66666666666666,236.0,207.33333333333334,145.66666666666666,149.33333333333334,148.33333333333334,140.66666666666666,138.66666666666666,146.66666666666666,148.66666666666666,143.66666666666666,140.66666666666666,146.66666666666666,153.66666666666666,156.66666666666666,156.66666666666666,155.66666666666666,155.66666666666666,156.66666666666666,156.66666666666666,155.66666666666666,155.66666666666666,155.66666666666666,156.66666666666666,157.66666666666666,158.66666666666666,159.66666666666666,160.33333333333334,160.33333333333334,160.33333333333334,160.33333333333334,159.33333333333334,159.33333333333334,159.33333333333334,159.33333333333334,156.33333333333334,157.33333333333334,160.33333333333334,165.33333333333334,165.33333333333334,162.33333333333334,163.33333333333334,167.33333333333334,158.66666666666666,158.66666666666666,159.66666666666666,159.66666666666666,158.66666666666666,158.66666666666666,145.66666666666666,144.66666666666666,144.66666666666666,144.66666666666666,147.66666666666666,150.66666666666666,154.33333333333334,156.33333333333334,153.33333333333334,158.33333333333334,157.33333333333334,153.33333333333334,143.33333333333334,139.33333333333334,174.33333333333334,230.0,239.66666666666666,238.66666666666666,227.66666666666666,238.66666666666666,241.0,244.0,252.66666666666666,220.33333333333334,169.66666666666666,95.66666666666667,83.0,97.0,96.66666666666667,102.66666666666667,97.66666666666667,90.66666666666667,94.33333333333333,159.0,245.0,239.0,236.66666666666666,242.66666666666666,240.66666666666666,205.66666666666666,225.66666666666666,215.66666666666666,128.0,105.0,111.0,116.0,103.66666666666667,109.66666666666667,109.0,109.0,108.0,108.0,108.0,107.0,107.0,107.0,104.0,104.0,104.0,104.0,104.0,104.0,104.0,104.0,104.0,104.0,104.0,104.0,104.0,104.0,104.0,104.0,106.0,106.0,105.0,104.0,103.0,103.0,104.0,104.0,103.0,103.0,103.0,103.0,103.0,103.0,103.0,103.0,103.0,105.0,105.0,105.0,106.0,107.0,106.0,104.0,93.33333333333333,80.66666666666667,85.33333333333333,159.0,204.0,236.66666666666666,228.0,238.0,183.33333333333334,149.66666666666666,140.33333333333334,147.33333333333334,142.66666666666666,143.66666666666666,149.66666666666666,142.66666666666666,143.66666666666666,147.66666666666666,152.66666666666666,157.66666666666666,159.66666666666666,160.66666666666666,161.66666666666666,162.66666666666666,159.66666666666666,158.66666666666666,157.66666666666666,156.66666666666666,157.66666666666666,157.66666666666666,159.66666666666666,160.66666666666666,159.33333333333334,159.33333333333334,159.33333333333334,159.33333333333334,158.33333333333334,157.33333333333334,157.33333333333334,156.33333333333334,156.33333333333334,155.33333333333334,159.33333333333334,164.33333333333334,164.33333333333334,159.33333333333334,159.33333333333334,163.33333333333334,158.66666666666666,158.66666666666666,157.66666666666666,157.66666666666666,157.66666666666666,158.66666666666666,149.66666666666666,146.66666666666666,143.66666666666666,142.66666666666666,144.66666666666666,149.66666666666666,155.33333333333334,159.33333333333334,150.33333333333334,162.33333333333334,158.33333333333334,141.33333333333334,135.33333333333334,149.33333333333334,188.33333333333334,234.0,230.66666666666666,247.66666666666666,236.66666666666666,246.66666666666666,246.0,228.0,238.33333333333334,235.33333333333334,169.66666666666666,97.66666666666667,80.0,94.0,98.66666666666667,101.66666666666667,96.66666666666667,99.66666666666667,87.33333333333333,133.0,237.0,237.0,235.66666666666666,246.66666666666666,242.66666666666666,208.66666666666666,221.66666666666666,226.66666666666666,136.0,106.0,109.0,117.0,103.66666666666667,108.66666666666667,109.0,109.0,109.0,108.0,108.0,107.0,107.0,107.0,104.0,104.0,104.0,104.0,104.0,104.0,104.0,104.0,104.0,104.0,104.0,104.0,104.0,104.0,104.0,104.0,106.0,105.0,104.0,103.0,103.0,103.0,103.0,104.0,103.0,103.0,103.0,103.0,103.0,103.0,103.0,103.0,100.0,101.0,104.0,107.0,107.0,103.0,103.0,105.33333333333333,87.33333333333333,89.66666666666667,83.33333333333333,105.33333333333333,206.0,224.0,225.33333333333334,242.0,213.0,147.33333333333334,129.66666666666666,150.33333333333334,143.66666666666666,137.66666666666666,143.66666666666666,138.66666666666666,139.66666666666666,140.66666666666666,143.66666666666666,147.66666666666666,152.66666666666666,155.66666666666666,158.66666666666666,159.66666666666666,159.66666666666666,158.66666666666666,157.66666666666666,155.66666666666666,155.66666666666666,156.66666666666666,157.66666666666666,158.66666666666666,157.33333333333334,158.33333333333334,158.33333333333334,158.33333333333334,157.33333333333334,156.33333333333334,155.33333333333334,155.33333333333334,158.33333333333334,156.33333333333334,158.33333333333334,162.33333333333334,159.33333333333334,151.33333333333334,149.33333333333334,153.33333333333334,156.66666666666666,155.66666666666666,154.66666666666666,154.66666666666666,155.66666666666666,156.66666666666666,145.66666666666666,145.66666666666666,145.66666666666666,146.66666666666666,147.66666666666666,149.66666666666666,151.33333333333334,153.33333333333334,156.33333333333334,149.33333333333334,148.33333333333334,148.33333333333334,137.33333333333334,157.33333333333334,205.33333333333334,219.0,241.66666666666666,239.66666666666666,238.66666666666666,240.66666666666666,242.0,241.0,240.33333333333334,240.33333333333334,167.66666666666666,87.66666666666667,95.0,101.0,95.66666666666667,104.66666666666667,88.66666666666667,98.66666666666667,99.33333333333333,102.0,207.0,245.0,245.66666666666666,237.66666666666666,238.66666666666666,226.66666666666666,210.66666666666666,242.66666666666666,158.0,102.0,110.0,108.0,110.66666666666667,108.66666666666667,106.0,106.0,105.0,105.0,105.0,105.0,105.0,104.0,103.0,103.0,103.0,102.0,102.0,102.0,101.0,101.0,101.0,101.0,101.0,101.0,101.0,101.0,101.0,101.0,100.0,100.0,100.0,100.0,100.0,100.0,100.0,100.0,100.0,100.0,100.0,100.0,100.0,100.0,100.0,100.0,102.0,102.0,103.0,103.0,103.0,104.0,104.0,103.33333333333333,101.33333333333333,94.66666666666667,91.33333333333333,70.33333333333333,158.33333333333334,214.0,221.66666666666666,237.33333333333334,234.0,179.0,129.33333333333334,141.33333333333334,134.66666666666666,122.66666666666667,144.66666666666666,136.66666666666666,138.66666666666666,134.66666666666666,137.66666666666666,143.66666666666666,144.66666666666666,141.66666666666666,149.66666666666666,163.66666666666666,154.66666666666666,154.66666666666666,154.66666666666666,155.66666666666666,156.66666666666666,157.66666666666666,159.66666666666666,160.66666666666666,157.33333333333334,157.33333333333334,156.33333333333334,153.33333333333334,152.33333333333334,152.33333333333334,155.33333333333334,157.33333333333334,161.33333333333334,160.33333333333334,159.33333333333334,160.33333333333334,161.33333333333334,160.33333333333334,157.33333333333334,155.33333333333334,155.66666666666666,152.66666666666666,151.66666666666666,154.66666666666666,160.66666666666666,166.66666666666666,138.66666666666666,139.66666666666666,142.66666666666666,145.66666666666666,148.66666666666666,149.66666666666666,150.33333333333334,150.33333333333334,155.33333333333334,149.33333333333334,148.33333333333334,147.33333333333334,140.33333333333334,165.33333333333334,208.33333333333334,222.0,238.66666666666666,237.66666666666666,237.66666666666666,239.66666666666666,240.0,240.0,238.33333333333334,237.33333333333334,149.66666666666666,83.66666666666667,94.0,99.0,94.66666666666667,106.66666666666667,91.66666666666667,96.66666666666667,95.33333333333333,99.0,175.0,241.0,239.66666666666666,239.66666666666666,237.66666666666666,231.66666666666666,210.66666666666666,241.66666666666666,171.0,103.0,111.0,106.0,113.66666666666667,107.66666666666667,106.0,105.0,105.0,105.0,105.0,104.0,104.0,104.0,103.0,103.0,102.0,102.0,101.0,101.0,101.0,101.0,101.0,101.0,101.0,101.0,101.0,101.0,101.0,101.0,100.0,100.0,100.0,100.0,100.0,100.0,100.0,100.0,100.0,100.0,100.0,100.0,100.0,100.0,100.0,100.0,101.0,102.0,102.0,102.0,103.0,103.0,103.0,103.33333333333333,105.66666666666667,100.66666666666667,82.33333333333333,84.33333333333333,107.33333333333333,194.33333333333334,223.0,234.66666666666666,246.33333333333334,203.0,147.66666666666666,142.33333333333334,140.33333333333334,133.66666666666666,146.66666666666666,134.66666666666666,134.66666666666666,140.66666666666666,149.66666666666666,153.66666666666666,149.66666666666666,146.66666666666666,151.66666666666666,160.66666666666666,157.66666666666666,157.66666666666666,156.66666666666666,155.66666666666666,155.66666666666666,155.66666666666666,155.66666666666666,156.66666666666666,157.33333333333334,157.33333333333334,156.33333333333334,154.33333333333334,152.33333333333334,153.33333333333334,155.33333333333334,158.33333333333334,153.33333333333334,152.33333333333334,152.33333333333334,154.33333333333334,156.33333333333334,158.33333333333334,157.33333333333334,156.33333333333334,161.66666666666666,157.66666666666666,153.66666666666666,153.66666666666666,155.66666666666666,156.66666666666666,140.66666666666666,144.66666666666666,149.66666666666666,154.66666666666666,157.66666666666666,159.66666666666666,158.33333333333334,158.33333333333334,153.33333333333334,147.33333333333334,147.33333333333334,143.33333333333334,145.33333333333334,175.33333333333334,209.33333333333334,223.0,236.66666666666666,236.66666666666666,237.66666666666666,237.66666666666666,239.0,239.0,237.33333333333334,234.33333333333334,137.66666666666666,90.66666666666667,101.0,100.0,94.66666666666667,106.66666666666667,93.66666666666667,93.66666666666667,91.33333333333333,94.0,134.0,230.0,238.66666666666666,241.66666666666666,237.66666666666666,237.66666666666666,210.66666666666666,236.66666666666666,193.0,106.0,111.0,103.0,116.66666666666667,105.66666666666667,105.0,105.0,105.0,104.0,104.0,103.0,103.0,103.0,102.0,102.0,101.0,101.0,101.0,100.0,100.0,100.0,100.0,100.0,100.0,100.0,100.0,100.0,100.0,100.0,99.0,99.0,99.0,99.0,99.0,99.0,99.0,99.0,99.0,99.0,99.0,99.0,99.0,99.0,99.0,99.0,100.0,100.0,101.0,101.0,102.0,102.0,102.0,101.33333333333333,107.0,98.33333333333333,85.66666666666667,93.66666666666667,74.66666666666667,149.33333333333334,219.33333333333334,224.0,245.66666666666666,225.33333333333334,167.66666666666666,137.33333333333334,138.33333333333334,141.66666666666666,145.66666666666666,132.66666666666666,131.66666666666666,146.66666666666666,159.66666666666666,158.66666666666666,151.66666666666666,149.66666666666666,151.66666666666666,154.66666666666666,157.66666666666666,156.66666666666666,155.66666666666666,155.66666666666666,154.66666666666666,154.66666666666666,155.66666666666666,155.66666666666666,158.33333333333334,158.33333333333334,157.33333333333334,155.33333333333334,153.33333333333334,153.33333333333334,156.33333333333334,158.33333333333334,155.33333333333334,154.33333333333334,153.33333333333334,154.33333333333334,157.33333333333334,159.33333333333334,160.33333333333334,159.33333333333334,157.66666666666666,154.66666666666666,152.66666666666666,152.66666666666666,154.66666666666666,156.66666666666666,149.66666666666666,151.66666666666666,155.66666666666666,160.66666666666666,163.66666666666666,164.66666666666666,164.33333333333334,164.33333333333334,151.33333333333334,146.33333333333334,147.33333333333334,138.33333333333334,150.33333333333334,186.33333333333334,207.33333333333334,219.0,234.66666666666666,237.66666666666666,238.66666666666666,238.66666666666666,239.0,240.0,236.33333333333334,231.33333333333334,138.66666666666666,109.66666666666667,112.0,102.0,94.66666666666667,105.66666666666667,95.66666666666667,90.66666666666667,92.33333333333333,89.0,107.0,208.0,245.66666666666666,238.66666666666666,241.66666666666666,238.66666666666666,211.66666666666666,229.66666666666666,214.0,113.0,108.0,101.0,116.66666666666667,103.66666666666667,105.0,105.0,104.0,104.0,103.0,102.0,102.0,102.0,101.0,101.0,100.0,100.0,99.0,99.0,99.0,99.0,99.0,99.0,99.0,99.0,99.0,99.0,99.0,99.0,98.0,98.0,98.0,98.0,98.0,98.0,98.0,98.0,98.0,98.0,98.0,98.0,98.0,98.0,98.0,98.0,99.0,99.0,99.0,100.0,100.0,100.0,101.0,100.33333333333333,101.0,93.33333333333333,98.66666666666667,90.66666666666667,83.66666666666667,98.66666666666667,196.33333333333334,214.33333333333334,232.0,237.0,190.0,138.66666666666666,135.33333333333334,147.66666666666666,148.33333333333334,140.66666666666666,135.66666666666666,148.66666666666666,156.66666666666666,150.66666666666666,146.66666666666666,149.66666666666666,151.66666666666666,147.66666666666666,152.66666666666666,152.66666666666666,152.66666666666666,153.66666666666666,154.66666666666666,156.66666666666666,157.66666666666666,158.66666666666666,157.33333333333334,158.33333333333334,158.33333333333334,156.33333333333334,154.33333333333334,154.33333333333334,156.33333333333334,158.33333333333334,160.33333333333334,158.33333333333334,156.33333333333334,156.33333333333334,157.33333333333334,159.33333333333334,159.33333333333334,158.33333333333334,155.66666666666666,154.66666666666666,154.66666666666666,155.66666666666666,157.66666666666666,159.66666666666666,152.66666666666666,152.66666666666666,152.66666666666666,153.66666666666666,155.66666666666666,157.66666666666666,158.33333333333334,159.33333333333334,153.33333333333334,149.33333333333334,152.33333333333334,138.33333333333334,160.33333333333334,201.33333333333334,207.33333333333334,216.0,233.66666666666666,238.66666666666666,240.66666666666666,239.66666666666666,240.0,241.0,237.33333333333334,229.33333333333334,141.66666666666666,123.66666666666667,115.0,100.0,93.66666666666667,101.66666666666667,95.66666666666667,91.66666666666667,96.33333333333333,87.0,98.0,176.0,249.66666666666666,236.66666666666666,244.66666666666666,237.66666666666666,215.66666666666666,222.66666666666666,230.0,125.0,104.0,101.0,111.66666666666667,102.66666666666667,105.0,105.0,104.0,103.0,102.0,101.0,101.0,100.0,99.0,99.0,99.0,99.0,98.0,98.0,97.0,97.0,97.0,97.0,97.0,97.0,97.0,97.0,97.0,97.0,96.0,96.0,96.0,96.0,96.0,96.0,96.0,96.0,96.0,96.0,96.0,96.0,96.0,96.0,96.0,96.0,97.0,97.0,98.0,98.0,98.0,99.0,99.0,98.33333333333333,98.0,103.33333333333333,94.66666666666667,90.66666666666667,96.33333333333333,73.33333333333333,150.33333333333334,210.0,220.0,243.66666666666666,216.33333333333334,153.66666666666666,136.33333333333334,148.66666666666666,149.33333333333334,150.66666666666666,145.66666666666666,149.66666666666666,146.66666666666666,140.66666666666666,142.66666666666666,151.66666666666666,152.66666666666666,145.66666666666666,151.66666666666666,151.66666666666666,152.66666666666666,152.66666666666666,153.66666666666666,155.66666666666666,156.66666666666666,157.66666666666666,156.33333333333334,157.33333333333334,158.33333333333334,156.33333333333334,154.33333333333334,154.33333333333334,155.33333333333334,157.33333333333334,157.33333333333334,155.33333333333334,153.33333333333334,153.33333333333334,155.33333333333334,155.33333333333334,154.33333333333334,153.33333333333334,158.66666666666666,158.66666666666666,158.66666666666666,157.66666666666666,156.66666666666666,156.66666666666666,151.66666666666666,150.66666666666666,149.66666666666666,148.66666666666666,149.66666666666666,150.66666666666666,152.33333333333334,153.33333333333334,154.33333333333334,152.33333333333334,157.33333333333334,140.33333333333334,171.33333333333334,218.33333333333334,208.33333333333334,215.0,231.66666666666666,239.66666666666666,242.66666666666666,239.66666666666666,240.0,242.0,236.33333333333334,226.33333333333334,137.66666666666666,125.66666666666667,109.0,95.0,93.66666666666667,96.66666666666667,95.66666666666667,93.66666666666667,97.33333333333333,88.0,96.0,143.0,236.66666666666666,239.66666666666666,242.66666666666666,238.66666666666666,222.66666666666666,216.66666666666666,240.0,143.0,101.0,105.0,105.66666666666667,103.66666666666667,105.0,104.0,103.0,102.0,101.0,100.0,99.0,99.0,98.0,98.0,98.0,97.0,97.0,97.0,96.0,96.0,96.0,96.0,96.0,96.0,96.0,96.0,96.0,96.0,95.0,95.0,95.0,95.0,95.0,95.0,95.0,95.0,95.0,95.0,95.0,95.0,95.0,95.0,95.0,95.0,96.0,96.0,96.0,96.0,97.0,97.0,98.0,97.33333333333333,98.0,115.33333333333333,81.66666666666667,95.66666666666667,90.33333333333333,77.33333333333333,101.33333333333333,193.33333333333334,210.33333333333334,235.66666666666666,232.0,169.66666666666666,134.33333333333334,139.66666666666666,140.0,145.66666666666666,151.66666666666666,147.66666666666666,140.66666666666666,138.66666666666666,145.66666666666666,154.66666666666666,154.66666666666666,149.66666666666666,154.66666666666666,154.66666666666666,153.66666666666666,152.66666666666666,152.66666666666666,152.66666666666666,152.66666666666666,153.66666666666666,155.33333333333334,156.33333333333334,157.33333333333334,156.33333333333334,154.33333333333334,153.33333333333334,154.33333333333334,155.33333333333334,153.33333333333334,152.33333333333334,153.33333333333334,154.33333333333334,157.33333333333334,157.33333333333334,156.33333333333334,154.33333333333334,149.66666666666666,151.66666666666666,153.66666666666666,154.66666666666666,154.66666666666666,155.66666666666666,147.66666666666666,147.66666666666666,148.66666666666666,148.66666666666666,148.66666666666666,148.66666666666666,148.33333333333334,148.33333333333334,149.33333333333334,149.33333333333334,157.33333333333334,138.33333333333334,179.33333333333334,229.33333333333334,208.33333333333334,212.0,229.66666666666666,238.66666666666666,241.66666666666666,238.66666666666666,238.0,241.0,235.33333333333334,223.33333333333334,135.66666666666666,125.66666666666667,103.0,94.0,96.66666666666667,93.66666666666667,92.66666666666667,93.66666666666667,94.33333333333333,92.0,89.0,117.0,206.66666666666666,247.66666666666666,235.66666666666666,243.66666666666666,231.66666666666666,213.66666666666666,244.0,161.0,100.0,112.0,100.66666666666667,107.66666666666667,105.0,104.0,103.0,102.0,101.0,99.0,98.0,98.0,97.0,97.0,97.0,97.0,96.0,96.0,95.0,95.0,95.0,95.0,95.0,95.0,95.0,95.0,95.0,95.0,94.0,94.0,94.0,94.0,94.0,94.0,94.0,94.0,94.0,94.0,94.0,94.0,94.0,94.0,94.0,94.0,94.0,95.0,95.0,95.0,96.0,96.0,96.0,96.33333333333333,96.0,109.33333333333333,90.66666666666667,93.66666666666667,90.0,84.0,76.0,149.33333333333334,204.0,221.0,236.66666666666666,185.0,135.33333333333334,134.66666666666666,133.0,138.66666666666666,147.66666666666666,141.66666666666666,140.66666666666666,146.66666666666666,152.66666666666666,152.66666666666666,151.66666666666666,151.66666666666666,154.66666666666666,153.66666666666666,152.66666666666666,152.66666666666666,151.66666666666666,151.66666666666666,152.66666666666666,152.66666666666666,153.33333333333334,155.33333333333334,156.33333333333334,155.33333333333334,153.33333333333334,152.33333333333334,152.33333333333334,153.33333333333334,152.33333333333334,153.33333333333334,154.33333333333334,156.33333333333334,158.33333333333334,157.33333333333334,153.33333333333334,150.33333333333334,140.66666666666666,144.66666666666666,148.66666666666666,151.66666666666666,152.66666666666666,154.66666666666666,139.66666666666666,141.66666666666666,144.66666666666666,146.66666666666666,146.66666666666666,145.66666666666666,143.66666666666666,142.33333333333334,142.33333333333334,143.33333333333334,153.33333333333334,135.33333333333334,180.33333333333334,233.66666666666666,206.66666666666666,209.0,226.66666666666666,237.66666666666666,240.66666666666666,236.66666666666666,237.0,240.0,233.33333333333334,220.33333333333334,138.33333333333334,128.66666666666666,102.0,97.0,101.66666666666667,92.66666666666667,89.66666666666667,90.66666666666667,89.66666666666667,96.0,82.0,103.0,180.66666666666666,253.33333333333334,228.66666666666666,248.66666666666666,238.66666666666666,213.66666666666666,246.33333333333334,173.0,101.0,118.0,98.0,111.33333333333333,104.0,104.0,103.0,102.0,100.0,99.0,98.0,97.0,97.0,97.0,96.0,96.0,96.0,95.0,95.0,95.0,95.0,95.0,95.0,95.0,95.0,95.0,95.0,95.0,94.0,94.0,94.0,94.0,94.0,94.0,94.0,94.0,94.0,94.0,94.0,94.0,94.0,94.0,94.0,94.0,94.0,94.0,94.0,95.0,95.0,95.0,96.0,96.0,92.33333333333333,90.66666666666667,113.33333333333333,87.0,102.66666666666667,82.33333333333333,72.66666666666667,105.0,206.33333333333334,212.33333333333334,238.66666666666666,199.0,144.33333333333334,140.33333333333334,135.33333333333334,139.66666666666666,137.66666666666666,134.66666666666666,140.66666666666666,152.66666666666666,156.66666666666666,149.66666666666666,146.66666666666666,151.66666666666666,150.66666666666666,150.66666666666666,150.66666666666666,151.66666666666666,152.66666666666666,153.66666666666666,155.66666666666666,156.66666666666666,152.33333333333334,154.33333333333334,155.33333333333334,155.33333333333334,153.33333333333334,151.33333333333334,151.33333333333334,152.33333333333334,151.33333333333334,151.33333333333334,152.33333333333334,153.33333333333334,152.33333333333334,149.33333333333334,143.33333333333334,138.33333333333334,148.66666666666666,151.66666666666666,153.66666666666666,153.66666666666666,150.66666666666666,149.66666666666666,138.33333333333334,140.33333333333334,144.33333333333334,150.33333333333334,156.66666666666666,158.0,156.66666666666666,154.0,138.66666666666666,150.33333333333334,138.33333333333334,135.33333333333334,190.66666666666666,218.0,200.0,218.33333333333334,230.66666666666666,234.0,229.0,247.0,238.66666666666666,236.66666666666666,247.66666666666666,211.66666666666666,129.66666666666666,128.33333333333334,103.0,88.0,100.66666666666667,99.33333333333333,89.33333333333333,95.33333333333333,93.0,93.66666666666667,80.66666666666667,95.66666666666667,155.33333333333334,242.0,232.66666666666666,242.66666666666666,241.0,217.66666666666666,229.33333333333334,205.0,102.0,97.33333333333333,113.33333333333333,106.0,105.0,104.0,102.0,100.0,98.0,97.0,97.0,97.0,95.0,95.0,95.0,95.0,95.0,95.0,95.0,95.0,96.0,96.0,96.0,95.0,95.0,95.0,94.0,94.0,94.0,94.0,94.0,94.0,94.0,94.0,94.0,94.0,93.0,93.0,93.0,93.0,93.0,93.0,93.0,93.0,93.0,93.0,93.0,93.0,93.0,93.0,93.0,93.0,96.33333333333333,96.0,97.0,98.0,97.0,91.0,83.33333333333333,77.0,153.33333333333334,235.0,205.66666666666666,222.33333333333334,163.66666666666666,126.33333333333333,129.66666666666666,142.33333333333334,145.33333333333334,138.33333333333334,139.33333333333334,147.33333333333334,150.33333333333334,145.33333333333334,144.33333333333334,148.33333333333334,154.33333333333334,153.33333333333334,152.33333333333334,152.33333333333334,152.33333333333334,152.33333333333334,151.33333333333334,150.33333333333334,148.66666666666666,148.66666666666666,148.66666666666666,148.66666666666666,149.66666666666666,151.66666666666666,154.66666666666666,156.66666666666666,152.66666666666666,158.66666666666666,158.66666666666666,152.66666666666666,149.66666666666666,152.66666666666666,152.66666666666666,148.66666666666666,154.33333333333334,154.33333333333334,153.33333333333334,152.33333333333334,151.33333333333334,151.33333333333334,143.33333333333334,144.33333333333334,145.33333333333334,148.33333333333334,151.0,152.0,150.0,148.0,148.0,155.0,145.33333333333334,142.33333333333334,190.33333333333334,211.0,202.33333333333334,232.0,235.66666666666666,224.66666666666666,238.0,247.0,239.66666666666666,235.66666666666666,248.0,215.0,127.66666666666667,125.33333333333333,103.66666666666667,89.66666666666667,98.66666666666667,97.33333333333333,89.0,95.33333333333333,92.66666666666667,92.0,82.66666666666667,92.66666666666667,143.33333333333334,236.33333333333334,241.66666666666666,239.66666666666666,238.0,223.0,233.0,219.0,109.0,102.0,111.0,105.0,105.0,104.0,102.0,100.0,98.0,97.0,97.0,97.0,95.0,95.0,95.0,95.0,95.0,95.0,95.0,95.0,96.0,96.0,95.0,95.0,95.0,94.0,94.0,94.0,94.0,94.0,94.0,94.0,94.0,94.0,94.0,94.0,93.0,93.0,93.0,93.0,93.0,93.0,93.0,93.0,93.0,93.0,93.0,93.0,93.0,93.0,93.0,93.0,94.0,95.33333333333333,96.33333333333333,98.33333333333333,97.66666666666667,92.66666666666667,85.33333333333333,79.0,109.0,200.0,210.66666666666666,227.33333333333334,204.0,169.66666666666666,131.0,133.66666666666666,142.66666666666666,138.33333333333334,141.33333333333334,151.33333333333334,155.33333333333334,154.33333333333334,156.33333333333334,164.33333333333334,157.33333333333334,156.33333333333334,155.33333333333334,155.33333333333334,155.33333333333334,155.33333333333334,154.33333333333334,153.33333333333334,153.66666666666666,152.66666666666666,151.66666666666666,151.66666666666666,152.66666666666666,153.66666666666666,154.66666666666666,153.66666666666666,149.66666666666666,154.66666666666666,154.66666666666666,149.66666666666666,148.66666666666666,151.66666666666666,153.66666666666666,151.66666666666666,153.33333333333334,152.33333333333334,151.33333333333334,150.33333333333334,150.33333333333334,150.33333333333334,147.33333333333334,145.33333333333334,144.33333333333334,143.33333333333334,144.0,144.0,142.0,140.0,146.0,150.0,142.33333333333334,137.33333333333334,175.33333333333334,199.0,200.33333333333334,238.0,217.66666666666666,187.66666666666666,232.0,237.0,238.66666666666666,232.66666666666666,242.0,211.0,124.66666666666667,120.33333333333333,103.66666666666667,92.66666666666667,96.66666666666667,94.33333333333333,88.0,94.33333333333333,91.66666666666667,89.0,86.66666666666667,86.66666666666667,123.33333333333333,223.33333333333334,251.66666666666666,235.66666666666666,236.0,230.0,236.0,236.0,120.0,106.0,107.0,105.0,105.0,103.0,102.0,100.0,98.0,97.0,96.0,96.0,95.0,95.0,95.0,95.0,95.0,95.0,95.0,95.0,95.0,95.0,95.0,94.0,94.0,94.0,93.0,93.0,93.0,93.0,93.0,93.0,93.0,93.0,93.0,93.0,92.0,92.0,92.0,92.0,92.0,92.0,92.0,92.0,92.0,92.0,92.0,92.0,92.0,92.0,92.0,92.0,92.0,93.0,94.33333333333333,96.33333333333333,96.66666666666667,93.66666666666667,87.33333333333333,82.0,81.0,159.0,216.66666666666666,227.0,235.33333333333334,218.66666666666666,146.0,136.33333333333334,142.66666666666666,139.33333333333334,140.33333333333334,146.33333333333334,146.33333333333334,142.33333333333334,144.33333333333334,152.33333333333334,156.33333333333334,156.33333333333334,156.33333333333334,156.33333333333334,155.33333333333334,155.33333333333334,155.33333333333334,155.33333333333334,156.66666666666666,153.66666666666666,151.66666666666666,152.66666666666666,155.66666666666666,156.66666666666666,154.66666666666666,152.66666666666666,149.66666666666666,153.66666666666666,153.66666666666666,150.66666666666666,149.66666666666666,153.66666666666666,156.66666666666666,157.66666666666666,153.33333333333334,152.33333333333334,151.33333333333334,151.33333333333334,150.33333333333334,150.33333333333334,145.33333333333334,143.33333333333334,140.33333333333334,139.33333333333334,139.0,140.0,139.0,138.0,138.0,148.0,139.33333333333334,119.33333333333333,154.33333333333334,195.0,204.33333333333334,229.0,200.66666666666666,159.66666666666666,224.0,227.0,241.66666666666666,235.66666666666666,240.0,207.0,125.66666666666667,116.33333333333333,103.66666666666667,95.66666666666667,94.66666666666667,91.33333333333333,89.0,92.33333333333333,90.66666666666667,86.0,89.66666666666667,82.66666666666667,103.33333333333333,201.33333333333334,253.33333333333334,233.66666666666666,235.0,236.0,237.0,247.0,132.0,107.0,104.0,107.0,104.0,103.0,101.0,99.0,98.0,97.0,96.0,96.0,94.0,94.0,94.0,94.0,94.0,94.0,94.0,94.0,94.0,94.0,94.0,94.0,93.0,93.0,93.0,92.0,92.0,92.0,92.0,92.0,92.0,92.0,92.0,92.0,91.0,91.0,91.0,91.0,91.0,91.0,91.0,91.0,91.0,91.0,91.0,91.0,91.0,91.0,91.0,91.0,91.0,91.0,92.33333333333333,94.33333333333333,95.66666666666667,93.66666666666667,89.33333333333333,86.0,84.0,120.0,211.66666666666666,215.0,223.33333333333334,236.66666666666666,170.66666666666666,142.33333333333334,155.66666666666666,152.33333333333334,153.33333333333334,157.33333333333334,154.33333333333334,147.33333333333334,147.33333333333334,154.33333333333334,153.33333333333334,153.33333333333334,154.33333333333334,154.33333333333334,152.33333333333334,152.33333333333334,153.33333333333334,153.33333333333334,153.66666666666666,150.66666666666666,148.66666666666666,150.66666666666666,155.66666666666666,156.66666666666666,154.66666666666666,151.66666666666666,153.66666666666666,154.66666666666666,154.66666666666666,153.66666666666666,152.66666666666666,154.66666666666666,157.66666666666666,159.66666666666666,155.33333333333334,154.33333333333334,153.33333333333334,153.33333333333334,153.33333333333334,153.33333333333334,142.33333333333334,139.33333333333334,137.33333333333334,137.33333333333334,139.0,141.0,142.0,142.0,144.0,160.0,143.33333333333334,102.33333333333333,134.33333333333334,199.0,213.33333333333334,213.0,225.66666666666666,183.66666666666666,236.0,229.0,247.66666666666666,242.66666666666666,244.0,214.0,129.66666666666666,113.33333333333333,101.66666666666667,96.66666666666667,92.66666666666667,89.33333333333333,90.0,90.33333333333333,90.66666666666667,84.0,91.66666666666667,82.66666666666667,91.33333333333333,173.33333333333334,250.66666666666666,234.66666666666666,237.0,239.0,236.0,250.0,146.0,104.0,104.0,108.0,104.0,103.0,101.0,99.0,97.0,96.0,96.0,95.0,94.0,94.0,94.0,94.0,94.0,94.0,94.0,94.0,94.0,93.0,93.0,93.0,92.0,92.0,92.0,92.0,92.0,92.0,92.0,92.0,92.0,92.0,92.0,92.0,91.0,91.0,91.0,91.0,91.0,91.0,91.0,91.0,91.0,91.0,91.0,91.0,91.0,91.0,91.0,91.0,90.0,89.0,90.0,92.0,93.33333333333333,93.33333333333333,91.33333333333333,88.0,87.0,83.0,191.66666666666666,215.0,203.33333333333334,232.66666666666666,192.66666666666666,143.33333333333334,148.66666666666666,145.33333333333334,148.33333333333334,157.33333333333334,157.33333333333334,152.33333333333334,153.33333333333334,160.33333333333334,151.33333333333334,153.33333333333334,154.33333333333334,153.33333333333334,151.33333333333334,151.33333333333334,152.33333333333334,154.33333333333334,153.66666666666666,151.66666666666666,149.66666666666666,149.66666666666666,152.66666666666666,153.66666666666666,151.66666666666666,149.66666666666666,154.66666666666666,154.66666666666666,153.66666666666666,152.66666666666666,151.66666666666666,149.66666666666666,151.66666666666666,154.66666666666666,155.33333333333334,154.33333333333334,154.33333333333334,153.33333333333334,153.33333333333334,154.33333333333334,144.33333333333334,142.33333333333334,141.33333333333334,142.33333333333334,145.0,147.0,148.0,148.0,155.0,168.0,142.33333333333334,83.33333333333333,110.33333333333333,193.0,213.33333333333334,198.0,249.66666666666666,228.66666666666666,249.0,234.0,245.66666666666666,239.66666666666666,244.0,221.0,138.66666666666666,112.33333333333333,99.66666666666667,97.66666666666667,90.66666666666667,88.33333333333333,91.0,87.33333333333333,89.66666666666667,83.0,92.66666666666667,85.66666666666667,87.33333333333333,142.33333333333334,234.66666666666666,238.66666666666666,240.0,239.0,236.0,249.0,164.0,100.0,107.0,108.0,103.0,102.0,100.0,98.0,97.0,96.0,95.0,95.0,93.0,93.0,93.0,93.0,93.0,93.0,93.0,93.0,93.0,93.0,92.0,92.0,92.0,91.0,91.0,91.0,91.0,91.0,91.0,91.0,91.0,91.0,91.0,91.0,90.0,90.0,90.0,90.0,90.0,90.0,90.0,90.0,90.0,90.0,90.0,90.0,90.0,90.0,90.0,90.0,90.0,89.0,89.0,90.0,92.33333333333333,93.33333333333333,91.33333333333333,90.0,82.0,69.0,160.66666666666666,226.0,209.33333333333334,233.0,212.66666666666666,155.33333333333334,153.66666666666666,145.33333333333334,143.33333333333334,149.33333333333334,150.33333333333334,145.33333333333334,145.33333333333334,150.33333333333334,152.33333333333334,155.33333333333334,158.33333333333334,157.33333333333334,154.33333333333334,153.33333333333334,156.33333333333334,159.33333333333334,159.66666666666666,157.66666666666666,155.66666666666666,153.66666666666666,152.66666666666666,152.66666666666666,153.66666666666666,154.66666666666666,156.66666666666666,154.66666666666666,154.66666666666666,155.66666666666666,152.66666666666666,148.66666666666666,148.66666666666666,151.66666666666666,155.33333333333334,154.33333333333334,154.33333333333334,154.33333333333334,154.33333333333334,155.33333333333334,154.33333333333334,152.33333333333334,151.33333333333334,151.33333333333334,152.0,153.0,153.0,152.0,161.0,164.0,130.33333333333334,66.33333333333333,88.33333333333333,178.0,209.33333333333334,198.0,220.66666666666666,241.66666666666666,244.0,235.0,240.66666666666666,234.66666666666666,241.0,227.0,147.66666666666666,112.33333333333333,97.66666666666667,97.66666666666667,89.66666666666667,89.33333333333333,93.0,85.33333333333333,89.66666666666667,83.0,92.66666666666667,90.66666666666667,89.33333333333333,115.33333333333333,215.66666666666666,244.66666666666666,241.0,236.0,239.0,247.0,185.0,98.0,112.0,105.0,103.0,102.0,100.0,98.0,96.0,95.0,95.0,95.0,93.0,93.0,93.0,93.0,93.0,93.0,93.0,93.0,92.0,92.0,92.0,91.0,91.0,91.0,90.0,90.0,90.0,90.0,90.0,90.0,90.0,90.0,90.0,90.0,89.0,89.0,89.0,89.0,89.0,89.0,89.0,89.0,89.0,89.0,89.0,89.0,89.0,89.0,89.0,89.0,90.66666666666667,88.66666666666667,87.66666666666667,88.66666666666667,91.33333333333333,92.33333333333333,91.33333333333333,90.0,83.0,80.0,115.66666666666667,217.66666666666666,220.0,229.0,222.66666666666666,183.33333333333334,193.66666666666666,176.33333333333334,161.33333333333334,158.33333333333334,156.33333333333334,150.33333333333334,147.33333333333334,150.33333333333334,154.33333333333334,158.33333333333334,161.33333333333334,160.33333333333334,156.33333333333334,155.33333333333334,158.33333333333334,162.33333333333334,162.66666666666666,164.66666666666666,164.66666666666666,161.66666666666666,158.66666666666666,160.66666666666666,166.66666666666666,172.66666666666666,165.66666666666666,164.66666666666666,165.66666666666666,169.66666666666666,166.66666666666666,159.66666666666666,157.66666666666666,161.66666666666666,159.33333333333334,158.33333333333334,158.33333333333334,158.33333333333334,158.33333333333334,159.33333333333334,163.33333333333334,161.33333333333334,159.33333333333334,158.33333333333334,158.0,157.0,155.0,153.0,165.0,158.0,121.33333333333333,59.333333333333336,79.33333333333333,168.0,211.33333333333334,212.0,169.66666666666666,228.66666666666666,232.0,238.0,243.66666666666666,237.66666666666666,244.0,235.0,152.66666666666666,112.33333333333333,96.66666666666667,97.66666666666667,88.66666666666667,90.33333333333333,94.0,83.33333333333333,89.66666666666667,84.0,92.66666666666667,94.66666666666667,92.33333333333333,99.33333333333333,203.66666666666666,248.66666666666666,242.0,234.0,242.0,248.0,199.0,98.0,115.0,103.0,103.0,102.0,100.0,98.0,96.0,95.0,95.0,95.0,93.0,93.0,93.0,93.0,93.0,93.0,93.0,93.0,92.0,92.0,91.0,91.0,91.0,90.0,90.0,90.0,90.0,90.0,90.0,90.0,90.0,90.0,90.0,90.0,89.0,89.0,89.0,89.0,89.0,89.0,89.0,89.0,89.0,89.0,89.0,89.0,89.0,89.0,89.0,89.0,90.66666666666667,88.66666666666667,87.66666666666667,87.66666666666667,90.33333333333333,91.33333333333333,91.33333333333333,90.0,86.33333333333333,94.0,74.33333333333333,189.66666666666666,215.0,216.33333333333334,219.0,205.66666666666666,210.33333333333334,186.33333333333334,163.33333333333334,155.33333333333334,152.33333333333334,147.33333333333334,145.33333333333334,148.33333333333334,153.33333333333334,158.33333333333334,161.33333333333334,160.33333333333334,156.33333333333334,155.33333333333334,159.33333333333334,163.33333333333334,161.66666666666666,165.66666666666666,168.66666666666666,167.66666666666666,165.66666666666666,170.66666666666666,181.66666666666666,191.66666666666666,177.66666666666666,176.66666666666666,179.66666666666666,184.66666666666666,182.66666666666666,174.66666666666666,172.66666666666666,175.66666666666666,164.33333333333334,164.33333333333334,164.33333333333334,164.33333333333334,164.33333333333334,165.33333333333334,158.33333333333334,159.33333333333334,155.33333333333334,147.33333333333334,145.0,151.0,153.0,150.0,153.0,158.0,109.33333333333333,60.333333333333336,68.33333333333333,152.0,219.33333333333334,207.0,186.66666666666666,181.66666666666666,234.0,236.0,246.66666666666666,238.66666666666666,237.0,240.0,165.66666666666666,101.33333333333333,98.66666666666667,96.66666666666667,85.66666666666667,95.33333333333333,87.0,81.33333333333333,84.66666666666667,94.0,88.66666666666667,103.66666666666667,93.33333333333333,96.33333333333333,179.66666666666666,248.66666666666666,238.0,234.0,240.0,253.0,201.0,103.0,105.0,110.0,105.0,104.0,102.0,100.0,98.0,97.0,97.0,97.0,94.0,94.0,93.0,93.0,93.0,92.0,92.0,92.0,93.0,93.0,93.0,92.0,92.0,91.0,91.0,91.0,90.0,90.0,89.0,89.0,89.0,88.0,88.0,88.0,88.0,88.0,88.0,88.0,88.0,88.0,88.0,88.0,87.0,87.0,87.0,87.0,87.0,87.0,87.0,87.0,88.0,88.0,88.0,88.0,89.0,89.0,89.0,89.0,89.33333333333333,93.0,75.33333333333333,129.66666666666666,242.0,195.33333333333334,231.0,157.66666666666666,159.33333333333334,157.33333333333334,146.33333333333334,142.33333333333334,150.33333333333334,149.33333333333334,144.33333333333334,145.33333333333334,145.33333333333334,145.33333333333334,145.33333333333334,146.33333333333334,149.33333333333334,152.33333333333334,154.33333333333334,156.33333333333334,152.66666666666666,152.66666666666666,153.66666666666666,155.66666666666666,156.66666666666666,156.66666666666666,152.66666666666666,149.66666666666666,150.66666666666666,153.66666666666666,153.66666666666666,151.66666666666666,154.66666666666666,157.66666666666666,153.66666666666666,145.66666666666666,151.33333333333334,150.33333333333334,150.33333333333334,152.33333333333334,157.33333333333334,160.33333333333334,144.33333333333334,148.33333333333334,149.33333333333334,146.33333333333334,147.0,152.0,153.0,150.0,152.0,155.0,107.33333333333333,55.333333333333336,61.333333333333336,140.0,212.33333333333334,206.0,201.66666666666666,193.66666666666666,237.0,238.0,245.66666666666666,237.66666666666666,237.0,241.0,174.66666666666666,106.33333333333333,96.66666666666667,97.66666666666667,89.66666666666667,94.33333333333333,86.0,83.33333333333333,84.66666666666667,93.0,88.66666666666667,101.66666666666667,92.33333333333333,92.33333333333333,170.66666666666666,243.66666666666666,242.0,235.0,239.0,250.0,204.0,106.0,107.0,111.0,105.0,104.0,102.0,100.0,98.0,97.0,97.0,96.0,94.0,94.0,94.0,93.0,93.0,93.0,92.0,92.0,93.0,93.0,93.0,92.0,92.0,91.0,91.0,91.0,91.0,90.0,90.0,90.0,89.0,89.0,89.0,88.0,88.0,88.0,88.0,88.0,88.0,88.0,88.0,88.0,87.0,87.0,87.0,87.0,87.0,87.0,87.0,87.0,88.0,88.0,88.0,88.0,89.0,89.0,89.0,89.0,86.33333333333333,82.33333333333333,91.33333333333333,88.66666666666667,227.66666666666666,212.0,224.33333333333334,188.66666666666666,139.33333333333334,148.33333333333334,152.33333333333334,148.33333333333334,146.33333333333334,150.33333333333334,147.33333333333334,136.33333333333334,141.33333333333334,146.33333333333334,151.33333333333334,155.33333333333334,155.33333333333334,153.33333333333334,151.33333333333334,149.33333333333334,153.66666666666666,152.66666666666666,152.66666666666666,154.66666666666666,155.66666666666666,155.66666666666666,152.66666666666666,150.66666666666666,150.66666666666666,153.66666666666666,152.66666666666666,150.66666666666666,152.66666666666666,157.66666666666666,154.66666666666666,147.66666666666666,153.33333333333334,151.33333333333334,149.33333333333334,149.33333333333334,151.33333333333334,152.33333333333334,138.33333333333334,143.33333333333334,147.33333333333334,148.33333333333334,151.0,153.0,152.0,149.0,151.0,153.0,108.33333333333333,52.333333333333336,55.333333333333336,125.0,203.33333333333334,205.0,211.66666666666666,201.66666666666666,232.0,237.0,242.66666666666666,236.66666666666666,239.0,243.0,189.66666666666666,115.33333333333333,92.66666666666667,97.66666666666667,94.66666666666667,91.33333333333333,84.0,85.33333333333333,87.66666666666667,93.0,89.66666666666667,98.66666666666667,91.33333333333333,87.33333333333333,157.66666666666666,237.66666666666666,245.0,237.0,239.0,246.0,212.0,111.0,109.0,112.0,104.0,103.0,101.0,99.0,98.0,97.0,96.0,96.0,95.0,95.0,94.0,94.0,94.0,93.0,93.0,93.0,93.0,93.0,93.0,92.0,92.0,91.0,91.0,91.0,92.0,91.0,91.0,91.0,90.0,90.0,90.0,89.0,88.0,88.0,88.0,88.0,88.0,88.0,88.0,88.0,88.0,88.0,88.0,88.0,88.0,88.0,88.0,88.0,87.0,86.33333333333333,86.33333333333333,87.0,88.0,88.0,88.0,88.0,85.0,81.33333333333333,98.33333333333333,61.666666666666664,178.66666666666666,237.0,209.33333333333334,222.0,135.33333333333334,142.33333333333334,157.33333333333334,152.33333333333334,138.33333333333334,149.33333333333334,156.33333333333334,137.33333333333334,140.33333333333334,146.33333333333334,153.33333333333334,155.33333333333334,153.33333333333334,148.33333333333334,146.33333333333334,145.33333333333334,155.66666666666666,154.66666666666666,152.66666666666666,152.66666666666666,153.66666666666666,153.66666666666666,152.66666666666666,150.66666666666666,150.66666666666666,151.66666666666666,150.66666666666666,149.66666666666666,151.66666666666666,155.66666666666666,155.66666666666666,151.66666666666666,149.33333333333334,148.33333333333334,146.33333333333334,147.33333333333334,150.33333333333334,151.33333333333334,146.33333333333334,149.33333333333334,151.33333333333334,153.33333333333334,153.0,153.0,151.0,148.0,152.0,154.0,118.33333333333333,59.333333333333336,58.333333333333336,112.0,195.33333333333334,204.0,207.66666666666666,197.66666666666666,218.0,234.0,239.66666666666666,236.66666666666666,241.0,244.0,203.66666666666666,127.33333333333333,88.66666666666667,95.66666666666667,97.66666666666667,87.33333333333333,82.0,86.33333333333333,91.66666666666667,94.0,91.66666666666667,97.66666666666667,92.33333333333333,84.33333333333333,144.66666666666666,232.66666666666666,245.0,237.0,240.0,245.0,225.0,117.0,111.0,110.0,104.0,103.0,101.0,99.0,98.0,97.0,96.0,96.0,96.0,95.0,95.0,95.0,94.0,94.0,94.0,94.0,93.0,93.0,93.0,92.0,92.0,91.0,91.0,91.0,92.0,92.0,92.0,91.0,91.0,91.0,90.0,90.0,88.0,88.0,88.0,88.0,88.0,88.0,88.0,88.0,88.0,88.0,88.0,88.0,88.0,88.0,88.0,87.33333333333333,85.33333333333333,85.33333333333333,85.33333333333333,85.33333333333333,86.33333333333333,87.0,87.0,87.0,87.0,90.33333333333333,90.0,71.66666666666667,112.66666666666667,240.66666666666666,202.0,233.0,163.33333333333334,146.33333333333334,153.33333333333334,153.33333333333334,135.33333333333334,146.33333333333334,164.33333333333334,150.33333333333334,148.33333333333334,151.33333333333334,153.33333333333334,151.33333333333334,147.33333333333334,147.33333333333334,150.33333333333334,154.33333333333334,156.66666666666666,154.66666666666666,152.66666666666666,151.66666666666666,152.66666666666666,152.66666666666666,151.66666666666666,150.66666666666666,151.66666666666666,150.66666666666666,149.66666666666666,148.66666666666666,149.66666666666666,153.66666666666666,155.66666666666666,155.66666666666666,153.33333333333334,151.33333333333334,149.33333333333334,150.33333333333334,151.33333333333334,152.33333333333334,154.33333333333334,153.33333333333334,153.33333333333334,153.33333333333334,152.0,150.0,150.0,150.0,153.0,157.0,133.33333333333334,73.33333333333333,67.33333333333333,103.0,189.33333333333334,204.0,203.66666666666666,195.66666666666666,205.0,236.0,239.66666666666666,238.66666666666666,242.0,242.0,216.66666666666666,143.33333333333334,88.66666666666667,92.66666666666667,97.66666666666667,82.33333333333333,80.0,86.33333333333333,95.66666666666667,95.0,94.66666666666667,97.66666666666667,95.33333333333333,83.33333333333333,132.66666666666666,231.66666666666666,242.0,237.0,242.0,244.0,237.0,121.0,111.0,108.0,105.0,104.0,102.0,100.0,99.0,98.0,97.0,97.0,96.0,96.0,96.0,96.0,95.0,95.0,95.0,94.0,93.0,93.0,93.0,92.0,92.0,91.0,91.0,91.0,92.0,92.0,92.0,91.0,91.0,91.0,90.0,90.0,88.0,88.0,88.0,88.0,88.0,88.0,88.0,88.0,88.0,88.0,88.0,88.0,88.0,88.0,88.0,87.33333333333333,85.33333333333333,85.0,85.33333333333333,85.33333333333333,86.33333333333333,86.33333333333333,87.0,87.0,90.0,87.33333333333333,85.0,86.66666666666667,75.66666666666667,201.66666666666666,215.0,225.66666666666666,198.33333333333334,152.33333333333334,145.33333333333334,156.33333333333334,142.33333333333334,143.33333333333334,159.33333333333334,158.33333333333334,153.33333333333334,154.33333333333334,155.33333333333334,153.33333333333334,151.33333333333334,152.33333333333334,156.33333333333334,160.33333333333334,155.66666666666666,153.66666666666666,151.66666666666666,150.66666666666666,151.66666666666666,152.66666666666666,151.66666666666666,150.66666666666666,151.66666666666666,149.66666666666666,148.66666666666666,148.66666666666666,149.66666666666666,150.66666666666666,154.66666666666666,157.66666666666666,160.33333333333334,157.33333333333334,154.33333333333334,152.33333333333334,152.33333333333334,151.33333333333334,154.33333333333334,150.33333333333334,148.33333333333334,150.33333333333334,149.0,148.0,149.0,153.0,153.0,159.0,146.33333333333334,83.33333333333333,74.33333333333333,92.0,182.33333333333334,203.0,206.66666666666666,199.66666666666666,199.0,239.0,240.66666666666666,239.66666666666666,242.0,239.0,225.66666666666666,161.33333333333334,93.66666666666667,89.66666666666667,95.66666666666667,79.33333333333333,82.0,87.33333333333333,96.66666666666667,94.0,95.66666666666667,97.66666666666667,98.33333333333333,84.33333333333333,123.66666666666667,232.66666666666666,240.0,238.0,244.0,241.0,244.0,121.0,111.0,109.0,107.0,106.0,104.0,102.0,100.0,99.0,99.0,98.0,97.0,97.0,97.0,96.0,96.0,96.0,95.0,95.0,93.0,93.0,93.0,92.0,92.0,91.0,91.0,91.0,92.0,91.0,91.0,91.0,90.0,90.0,90.0,89.0,88.0,88.0,88.0,88.0,88.0,88.0,88.0,88.0,87.0,87.0,87.0,87.0,87.0,87.0,87.0,86.33333333333333,84.33333333333333,84.0,84.33333333333333,84.33333333333333,85.33333333333333,85.33333333333333,86.0,86.0,90.0,74.33333333333333,90.0,85.33333333333333,77.66666666666667,137.66666666666666,226.0,216.66666666666666,219.33333333333334,162.33333333333334,142.33333333333334,159.33333333333334,154.33333333333334,143.33333333333334,147.33333333333334,153.33333333333334,148.33333333333334,149.33333333333334,151.33333333333334,153.33333333333334,154.33333333333334,153.33333333333334,152.33333333333334,151.33333333333334,152.66666666666666,151.66666666666666,150.66666666666666,151.66666666666666,152.66666666666666,153.66666666666666,152.66666666666666,150.66666666666666,151.66666666666666,149.66666666666666,149.66666666666666,150.66666666666666,149.66666666666666,148.66666666666666,151.66666666666666,157.66666666666666,151.33333333333334,149.33333333333334,148.33333333333334,149.33333333333334,152.33333333333334,154.33333333333334,153.33333333333334,148.33333333333334,147.33333333333334,150.33333333333334,150.0,147.0,147.0,152.0,152.0,157.0,150.33333333333334,85.33333333333333,72.33333333333333,80.0,174.33333333333334,201.0,208.66666666666666,201.66666666666666,191.0,239.0,239.66666666666666,238.66666666666666,242.0,238.0,232.66666666666666,178.33333333333334,101.66666666666667,89.66666666666667,94.66666666666667,79.33333333333333,86.0,89.33333333333333,95.66666666666667,92.0,95.66666666666667,96.66666666666667,100.33333333333333,84.33333333333333,116.66666666666667,233.66666666666666,240.0,239.0,245.0,236.0,245.0,119.0,112.0,114.0,108.0,107.0,105.0,103.0,102.0,101.0,100.0,100.0,98.0,98.0,97.0,97.0,97.0,96.0,96.0,96.0,93.0,93.0,93.0,92.0,92.0,91.0,91.0,91.0,91.0,90.0,90.0,90.0,89.0,89.0,89.0,88.0,88.0,88.0,88.0,88.0,88.0,88.0,88.0,88.0,86.0,86.0,86.0,86.0,86.0,86.0,86.0,85.33333333333333,83.0,82.66666666666667,83.0,83.33333333333333,84.33333333333333,84.33333333333333,85.0,85.0,90.0,73.33333333333333,91.0,82.33333333333333,83.66666666666667,92.66666666666667,206.0,218.66666666666666,230.33333333333334,181.33333333333334,149.33333333333334,154.33333333333334,157.33333333333334,145.33333333333334,142.33333333333334,153.33333333333334,154.33333333333334,150.33333333333334,147.33333333333334,148.33333333333334,151.33333333333334,152.33333333333334,149.33333333333334,146.33333333333334,149.66666666666666,149.66666666666666,149.66666666666666,151.66666666666666,154.66666666666666,154.66666666666666,152.66666666666666,150.66666666666666,151.66666666666666,149.66666666666666,149.66666666666666,152.66666666666666,149.66666666666666,146.66666666666666,149.66666666666666,156.66666666666666,146.33333333333334,146.33333333333334,146.33333333333334,149.33333333333334,153.33333333333334,157.33333333333334,155.33333333333334,150.0,150.33333333333334,153.33333333333334,152.0,146.0,145.0,149.0,150.66666666666666,155.66666666666666,150.33333333333334,84.0,67.66666666666667,70.0,167.66666666666666,199.0,207.0,199.0,182.66666666666666,234.66666666666666,235.0,238.66666666666666,243.66666666666666,240.66666666666666,236.66666666666666,188.66666666666666,107.33333333333333,89.66666666666667,94.66666666666667,80.33333333333333,90.33333333333333,91.33333333333333,94.66666666666667,88.66666666666667,94.66666666666667,94.66666666666667,100.33333333333333,84.33333333333333,112.0,233.66666666666666,241.66666666666666,241.0,244.33333333333334,230.33333333333334,242.33333333333334,115.33333333333333,113.0,119.0,108.33333333333333,107.33333333333333,105.33333333333333,103.33333333333333,103.0,102.0,101.0,101.0,98.0,98.0,98.0,97.0,97.0,97.0,96.0,96.0,93.0,93.0,93.0,92.0,92.0,91.0,91.0,91.0,90.0,90.0,89.0,89.0,89.0,88.0,88.0,88.0,88.0,88.0,88.0,88.0,88.0,88.0,88.0,88.0,85.0,85.0,85.0,85.0,85.0,84.66666666666667,85.0,84.0,83.66666666666667,83.0,83.33333333333333,83.66666666666667,84.33333333333333,84.33333333333333,85.0,85.0,89.0,83.33333333333333,84.0,88.33333333333333,79.33333333333333,79.66666666666667,174.66666666666666,226.0,238.0,198.66666666666666,156.66666666666666,146.33333333333334,153.33333333333334,148.33333333333334,146.33333333333334,159.33333333333334,171.33333333333334,161.33333333333334,149.33333333333334,145.33333333333334,150.33333333333334,155.33333333333334,157.33333333333334,155.33333333333334,147.66666666666666,147.66666666666666,149.66666666666666,152.66666666666666,155.66666666666666,155.66666666666666,153.66666666666666,150.66666666666666,151.66666666666666,149.66666666666666,150.66666666666666,153.66666666666666,150.66666666666666,145.66666666666666,147.66666666666666,154.66666666666666,160.33333333333334,158.33333333333334,154.33333333333334,153.33333333333334,152.33333333333334,151.33333333333334,150.0,150.0,150.33333333333334,150.33333333333334,150.66666666666666,150.66666666666666,149.66666666666666,149.66666666666666,142.66666666666666,177.66666666666666,129.33333333333334,67.0,85.66666666666667,65.33333333333333,157.33333333333334,202.33333333333334,198.33333333333334,207.33333333333334,187.66666666666666,214.66666666666666,247.0,236.66666666666666,239.0,240.66666666666666,242.66666666666666,200.66666666666666,109.0,82.66666666666667,91.66666666666667,81.0,91.0,97.0,94.0,92.0,96.0,96.0,95.66666666666667,83.66666666666667,121.66666666666667,229.33333333333334,245.33333333333334,239.66666666666666,222.66666666666666,239.66666666666666,167.0,115.0,120.33333333333333,115.0,114.0,110.66666666666667,105.66666666666667,103.66666666666667,103.33333333333333,102.33333333333333,101.33333333333333,100.33333333333333,99.33333333333333,99.33333333333333,99.0,98.0,97.0,96.0,95.33333333333333,95.33333333333333,91.0,92.0,92.0,92.0,91.0,90.0,89.0,89.0,90.0,90.0,90.0,89.0,89.0,88.0,88.0,88.0,88.0,88.0,88.0,87.0,87.0,86.0,86.0,86.0,82.66666666666667,83.66666666666667,84.66666666666667,84.66666666666667,84.66666666666667,84.33333333333333,85.66666666666667,87.66666666666667,83.33333333333333,82.66666666666667,83.0,84.33333333333333,85.33333333333333,85.33333333333333,85.33333333333333,86.33333333333333,80.33333333333333,81.33333333333333,81.33333333333333,79.33333333333333,79.33333333333333,87.0,100.0,110.66666666666667,195.66666666666666,245.0,155.0,136.66666666666666,149.33333333333334,149.33333333333334,153.33333333333334,152.33333333333334,148.33333333333334,138.33333333333334,130.66666666666666,134.33333333333334,146.66666666666666,154.66666666666666,153.33333333333334,148.33333333333334,141.33333333333334,146.66666666666666,154.66666666666666,156.66666666666666,153.66666666666666,148.66666666666666,145.66666666666666,145.66666666666666,152.66666666666666,150.66666666666666,150.66666666666666,153.66666666666666,156.66666666666666,156.66666666666666,151.66666666666666,147.66666666666666,160.33333333333334,155.33333333333334,153.33333333333334,157.33333333333334,155.33333333333334,147.33333333333334,151.66666666666666,151.66666666666666,152.33333333333334,152.33333333333334,152.66666666666666,152.66666666666666,153.0,153.0,148.66666666666666,168.66666666666666,115.0,67.0,91.66666666666667,66.33333333333333,150.33333333333334,196.66666666666666,196.66666666666666,206.66666666666666,188.33333333333334,211.33333333333334,244.0,237.0,239.0,240.0,241.66666666666666,209.66666666666666,124.0,88.0,90.66666666666667,83.66666666666667,92.0,96.0,95.0,92.0,95.0,95.0,94.66666666666667,82.66666666666667,120.66666666666667,227.66666666666666,233.66666666666666,233.66666666666666,162.66666666666666,140.66666666666666,122.33333333333333,126.33333333333333,133.33333333333334,120.66666666666667,122.33333333333333,119.33333333333333,115.66666666666667,112.66666666666667,111.66666666666667,110.66666666666667,109.33333333333333,108.33333333333333,106.33333333333333,105.33333333333333,106.0,104.0,103.0,102.0,101.33333333333333,101.33333333333333,98.0,98.0,98.0,98.0,97.0,97.0,96.0,95.0,90.0,90.0,89.0,89.0,89.0,88.0,88.0,88.0,90.0,90.0,89.0,89.0,89.0,88.0,88.0,88.0,84.66666666666667,85.66666666666667,85.66666666666667,85.66666666666667,85.33333333333333,85.33333333333333,85.33333333333333,86.66666666666667,83.33333333333333,84.33333333333333,84.33333333333333,84.33333333333333,85.33333333333333,85.33333333333333,86.33333333333333,86.33333333333333,85.33333333333333,88.33333333333333,90.33333333333333,89.33333333333333,86.33333333333333,83.33333333333333,83.33333333333333,84.0,139.0,233.0,196.0,144.0,150.0,154.33333333333334,147.33333333333334,158.33333333333334,156.33333333333334,151.33333333333334,146.66666666666666,145.33333333333334,149.0,151.66666666666666,153.0,152.33333333333334,152.33333333333334,152.66666666666666,153.66666666666666,155.66666666666666,155.66666666666666,154.66666666666666,151.66666666666666,149.66666666666666,151.66666666666666,151.66666666666666,151.66666666666666,153.66666666666666,154.66666666666666,154.66666666666666,152.66666666666666,150.66666666666666,153.33333333333334,149.33333333333334,149.33333333333334,154.33333333333334,154.33333333333334,149.33333333333334,149.66666666666666,149.66666666666666,150.33333333333334,150.33333333333334,150.66666666666666,151.66666666666666,152.0,152.0,154.66666666666666,156.66666666666666,98.0,75.0,105.66666666666667,71.33333333333333,141.33333333333334,190.66666666666666,194.66666666666666,205.66666666666666,191.33333333333334,206.33333333333334,238.0,238.0,238.0,240.0,241.66666666666666,220.66666666666666,144.0,93.0,88.66666666666667,88.66666666666667,94.0,95.0,95.0,92.0,94.0,93.0,92.66666666666667,80.66666666666667,119.66666666666667,227.66666666666666,243.33333333333334,250.33333333333334,152.66666666666666,118.66666666666667,134.33333333333334,150.33333333333334,140.33333333333334,125.66666666666667,122.33333333333333,119.33333333333333,114.66666666666667,111.66666666666667,109.66666666666667,108.66666666666667,107.33333333333333,105.33333333333333,103.33333333333333,102.33333333333333,102.0,101.0,100.0,99.0,98.33333333333333,97.33333333333333,96.0,96.0,95.0,95.0,95.0,94.0,94.0,94.0,90.0,89.0,89.0,89.0,88.0,88.0,88.0,88.0,89.0,89.0,89.0,89.0,88.0,88.0,87.0,87.0,84.66666666666667,84.66666666666667,84.66666666666667,83.66666666666667,83.33333333333333,83.33333333333333,83.33333333333333,83.66666666666667,82.33333333333333,82.33333333333333,82.33333333333333,82.33333333333333,83.33333333333333,83.33333333333333,83.33333333333333,83.33333333333333,78.33333333333333,81.33333333333333,85.33333333333333,88.33333333333333,87.33333333333333,83.33333333333333,79.33333333333333,75.0,90.0,205.0,237.0,152.0,150.0,166.33333333333334,148.33333333333334,161.33333333333334,153.33333333333334,154.33333333333334,153.66666666666666,149.33333333333334,145.0,144.66666666666666,150.0,154.33333333333334,156.33333333333334,151.66666666666666,146.66666666666666,146.66666666666666,150.66666666666666,152.66666666666666,149.66666666666666,146.66666666666666,150.66666666666666,151.66666666666666,153.66666666666666,153.66666666666666,152.66666666666666,152.66666666666666,153.66666666666666,155.66666666666666,149.33333333333334,147.33333333333334,148.33333333333334,152.33333333333334,152.33333333333334,149.33333333333334,149.66666666666666,149.66666666666666,151.33333333333334,151.33333333333334,151.66666666666666,151.66666666666666,153.0,153.0,158.66666666666666,147.66666666666666,91.0,95.0,126.66666666666667,77.33333333333333,132.33333333333334,189.66666666666666,192.66666666666666,204.66666666666666,194.33333333333334,200.33333333333334,231.0,241.0,238.0,240.0,241.66666666666666,228.66666666666666,158.0,93.0,85.66666666666667,94.66666666666667,96.0,93.0,95.0,92.0,93.0,91.0,90.66666666666667,79.66666666666667,119.66666666666667,227.66666666666666,241.33333333333334,239.33333333333334,157.66666666666666,146.66666666666666,150.33333333333334,138.33333333333334,124.33333333333333,125.66666666666667,121.33333333333333,117.33333333333333,112.66666666666667,108.66666666666667,106.66666666666667,104.66666666666667,103.33333333333333,101.33333333333333,99.33333333333333,99.33333333333333,99.0,97.0,96.0,94.0,93.33333333333333,93.33333333333333,93.0,92.0,91.0,90.0,90.0,89.0,89.0,89.0,89.0,89.0,89.0,88.0,88.0,88.0,87.0,87.0,86.0,86.0,86.0,85.0,85.0,85.0,84.0,84.0,82.66666666666667,81.66666666666667,80.66666666666667,80.66666666666667,81.33333333333333,81.33333333333333,81.33333333333333,80.33333333333333,80.0,80.0,80.0,80.0,80.0,80.0,81.0,81.0,77.0,76.0,76.0,77.0,80.0,83.0,83.0,81.66666666666667,79.0,160.66666666666666,249.0,170.0,149.66666666666666,173.0,155.66666666666666,154.33333333333334,144.33333333333334,147.33333333333334,149.66666666666666,146.66666666666666,143.0,143.66666666666666,150.33333333333334,155.33333333333334,154.33333333333334,149.66666666666666,146.66666666666666,145.66666666666666,146.66666666666666,148.66666666666666,147.66666666666666,146.66666666666666,148.66666666666666,151.66666666666666,153.66666666666666,152.66666666666666,150.66666666666666,150.66666666666666,153.66666666666666,157.66666666666666,151.33333333333334,152.33333333333334,152.33333333333334,153.33333333333334,151.33333333333334,150.33333333333334,150.66666666666666,150.66666666666666,151.33333333333334,152.33333333333334,152.66666666666666,153.66666666666666,154.0,154.0,157.66666666666666,142.66666666666666,90.0,119.0,146.66666666666666,84.33333333333333,126.33333333333333,190.66666666666666,189.66666666666666,202.66666666666666,198.33333333333334,193.33333333333334,223.0,243.0,237.0,240.0,242.66666666666666,232.66666666666666,169.0,94.0,83.66666666666667,100.66666666666667,96.0,93.0,95.0,91.0,92.0,90.0,89.66666666666667,79.66666666666667,121.66666666666667,230.66666666666666,241.33333333333334,219.33333333333334,151.33333333333334,154.33333333333334,141.66666666666666,132.66666666666666,141.66666666666666,146.66666666666666,134.33333333333334,130.0,125.33333333333333,120.33333333333333,117.33333333333333,115.33333333333333,113.0,110.0,108.0,107.0,106.66666666666667,104.66666666666667,102.66666666666667,101.66666666666667,101.0,100.0,98.0,96.0,94.0,93.0,91.0,91.0,91.0,91.0,89.0,89.0,88.0,88.0,88.0,87.0,87.0,87.0,86.0,85.0,85.0,85.0,84.0,84.0,84.0,83.0,82.66666666666667,80.66666666666667,79.66666666666667,81.66666666666667,84.33333333333333,85.33333333333333,84.33333333333333,83.33333333333333,84.0,84.0,84.0,84.0,84.0,84.0,84.0,84.0,90.0,86.0,82.0,80.0,81.0,82.0,82.0,80.33333333333333,80.0,108.33333333333333,232.66666666666666,205.0,153.33333333333334,156.0,153.66666666666666,140.66666666666666,142.33333333333334,143.33333333333334,143.66666666666666,143.66666666666666,145.0,146.66666666666666,151.33333333333334,154.66666666666666,153.33333333333334,154.66666666666666,156.66666666666666,154.66666666666666,152.66666666666666,150.66666666666666,151.66666666666666,153.66666666666666,148.66666666666666,150.66666666666666,152.66666666666666,151.66666666666666,148.66666666666666,148.66666666666666,151.66666666666666,155.66666666666666,152.33333333333334,155.33333333333334,156.33333333333334,154.33333333333334,151.33333333333334,151.33333333333334,141.66666666666666,142.66666666666666,143.33333333333334,144.33333333333334,145.66666666666666,145.66666666666666,147.0,147.0,154.66666666666666,136.66666666666666,87.0,134.0,158.66666666666666,89.33333333333333,120.33333333333333,189.66666666666666,187.66666666666666,201.66666666666666,201.33333333333334,187.33333333333334,216.0,245.0,236.0,240.0,241.66666666666666,236.66666666666666,185.0,105.0,87.66666666666667,103.66666666666667,94.0,96.0,95.0,91.0,91.0,89.0,89.66666666666667,81.66666666666667,124.66666666666667,233.66666666666666,246.33333333333334,231.33333333333334,163.33333333333334,160.33333333333334,156.66666666666666,169.66666666666666,177.66666666666666,157.66666666666666,148.33333333333334,144.0,138.33333333333334,133.33333333333334,129.33333333333334,126.33333333333333,123.0,121.0,116.0,115.0,114.66666666666667,112.66666666666667,110.66666666666667,108.66666666666667,108.0,107.0,102.0,100.0,97.0,94.0,92.0,90.0,90.0,90.0,88.0,88.0,88.0,88.0,87.0,87.0,87.0,86.0,87.0,87.0,87.0,86.0,86.0,85.0,85.0,85.0,84.66666666666667,82.66666666666667,82.66666666666667,85.66666666666667,91.33333333333333,94.33333333333333,94.33333333333333,92.33333333333333,93.66666666666667,93.66666666666667,93.66666666666667,92.66666666666667,92.66666666666667,92.66666666666667,91.66666666666667,91.66666666666667,92.66666666666667,93.66666666666667,94.66666666666667,94.66666666666667,92.66666666666667,89.66666666666667,86.66666666666667,85.33333333333333,77.0,74.66666666666667,194.0,235.66666666666666,168.0,131.66666666666666,140.33333333333334,131.66666666666666,139.33333333333334,137.33333333333334,136.66666666666666,137.66666666666666,141.0,143.0,145.33333333333334,144.66666666666666,149.33333333333334,153.66666666666666,157.66666666666666,156.66666666666666,152.66666666666666,150.66666666666666,151.66666666666666,154.66666666666666,148.66666666666666,149.66666666666666,150.66666666666666,150.66666666666666,148.66666666666666,148.66666666666666,148.66666666666666,149.66666666666666,148.33333333333334,153.33333333333334,155.33333333333334,151.33333333333334,149.33333333333334,151.33333333333334,134.66666666666666,134.66666666666666,136.33333333333334,137.33333333333334,138.66666666666666,138.66666666666666,140.0,140.0,152.66666666666666,130.66666666666666,77.0,134.0,159.66666666666666,91.33333333333333,115.33333333333333,182.66666666666666,185.66666666666666,201.66666666666666,203.33333333333334,182.33333333333334,211.0,247.0,236.0,240.0,238.66666666666666,243.66666666666666,208.0,126.0,95.66666666666667,102.66666666666667,89.0,100.0,95.0,90.0,90.0,88.0,89.66666666666667,82.66666666666667,127.66666666666667,237.66666666666666,234.0,247.0,175.0,166.0,184.66666666666666,193.66666666666666,174.66666666666666,150.66666666666666,150.33333333333334,145.0,139.33333333333334,133.33333333333334,129.33333333333334,125.33333333333333,123.0,120.0,117.0,116.0,115.66666666666667,113.66666666666667,110.66666666666667,108.66666666666667,108.0,107.0,105.0,102.0,98.0,94.0,90.0,88.0,88.0,88.0,88.0,88.0,88.0,87.0,87.0,87.0,86.0,86.0,86.0,86.0,86.0,86.0,85.0,85.0,84.0,84.0,85.66666666666667,83.66666666666667,83.66666666666667,88.66666666666667,96.33333333333333,101.33333333333333,102.33333333333333,100.33333333333333,102.33333333333333,101.0,101.0,101.0,100.0,100.0,99.0,99.0,92.0,96.0,101.0,102.0,99.0,96.0,95.0,95.66666666666667,85.0,70.66666666666667,133.66666666666666,234.33333333333334,194.0,129.33333333333334,133.0,131.33333333333334,134.33333333333334,134.33333333333334,134.66666666666666,134.66666666666666,137.0,138.0,139.66666666666666,141.66666666666666,144.33333333333334,144.66666666666666,146.66666666666666,147.66666666666666,146.66666666666666,146.66666666666666,147.66666666666666,148.66666666666666,148.66666666666666,148.66666666666666,147.66666666666666,148.66666666666666,149.66666666666666,148.66666666666666,145.66666666666666,143.66666666666666,146.33333333333334,152.33333333333334,153.33333333333334,147.33333333333334,142.33333333333334,145.33333333333334,136.66666666666666,137.66666666666666,138.33333333333334,139.33333333333334,140.66666666666666,141.66666666666666,143.0,143.0,152.66666666666666,125.66666666666667,67.0,129.0,156.66666666666666,91.33333333333333,111.33333333333333,177.66666666666666,184.66666666666666,200.66666666666666,205.33333333333334,179.33333333333334,208.0,248.0,236.0,240.0,236.66666666666666,248.66666666666666,225.0,142.0,102.66666666666667,100.66666666666667,85.0,103.0,95.0,90.0,90.0,88.0,90.66666666666667,84.66666666666667,129.66666666666666,240.66666666666666,229.0,252.66666666666666,182.0,175.0,211.66666666666666,202.66666666666666,169.66666666666666,173.0,147.33333333333334,142.0,136.33333333333334,130.33333333333334,126.33333333333333,122.33333333333333,119.0,116.0,117.0,116.0,115.66666666666667,113.66666666666667,110.66666666666667,108.66666666666667,108.0,107.0,110.0,107.0,102.0,97.0,93.0,91.0,90.0,90.0,88.0,88.0,88.0,87.0,87.0,86.0,86.0,86.0,84.0,84.0,83.0,83.0,83.0,82.0,82.0,82.0,83.66666666666667,81.66666666666667,81.66666666666667,88.66666666666667,97.33333333333333,104.33333333333333,104.33333333333333,102.33333333333333,104.0,104.0,104.0,103.0,103.0,102.0,102.0,102.0,101.0,103.0,104.0,100.0,93.0,90.0,93.0,96.66666666666667,102.0,81.0,83.0,215.66666666666666,215.66666666666666,141.0,133.66666666666666,136.33333333333334,132.66666666666666,135.33333333333334,139.66666666666666,139.66666666666666,140.0,141.0,145.66666666666666,149.33333333333334,144.33333333333334,140.66666666666666,137.66666666666666,139.66666666666666,144.66666666666666,147.66666666666666,146.66666666666666,144.66666666666666,149.66666666666666,147.66666666666666,146.66666666666666,147.66666666666666,149.66666666666666,148.66666666666666,143.66666666666666,138.66666666666666,147.33333333333334,153.33333333333334,153.33333333333334,143.33333333333334,136.33333333333334,137.33333333333334,136.66666666666666,141.66666666666666,146.33333333333334,144.33333333333334,139.66666666666666,139.66666666666666,148.0,156.0,153.66666666666666,126.66666666666667,79.0,102.0,158.66666666666666,91.33333333333333,102.33333333333333,169.66666666666666,179.66666666666666,191.66666666666666,203.33333333333334,183.33333333333334,204.0,236.0,239.0,243.0,239.66666666666666,242.66666666666666,234.0,159.0,105.66666666666667,102.66666666666667,90.0,93.0,89.0,89.66666666666667,90.0,85.0,90.66666666666667,73.66666666666667,146.66666666666666,240.66666666666666,249.0,212.0,164.0,207.0,232.66666666666666,198.0,189.0,160.0,150.0,143.66666666666666,136.33333333333334,129.33333333333334,125.33333333333333,122.33333333333333,120.0,118.0,113.0,113.0,111.33333333333333,110.33333333333333,108.33333333333333,107.33333333333333,107.0,106.0,104.0,105.0,104.0,100.0,94.0,90.0,89.0,90.0,89.0,89.0,88.0,88.0,87.0,86.0,85.0,85.0,88.0,86.0,83.0,83.0,84.0,84.0,83.0,82.0,78.66666666666667,81.66666666666667,88.66666666666667,99.66666666666667,110.33333333333333,112.33333333333333,107.33333333333333,101.33333333333333,105.0,104.66666666666667,105.66666666666667,105.66666666666667,106.66666666666667,106.66666666666667,106.66666666666667,106.66666666666667,108.66666666666667,109.66666666666667,109.66666666666667,108.66666666666667,103.66666666666667,96.66666666666667,90.66666666666667,85.33333333333333,119.33333333333333,102.0,74.0,143.66666666666666,245.66666666666666,174.0,128.33333333333334,142.33333333333334,138.33333333333334,136.33333333333334,132.66666666666666,137.66666666666666,143.33333333333334,134.33333333333334,135.66666666666666,152.33333333333334,148.33333333333334,146.66666666666666,146.66666666666666,146.66666666666666,147.66666666666666,149.66666666666666,151.66666666666666,152.66666666666666,155.66666666666666,153.66666666666666,152.66666666666666,154.66666666666666,158.66666666666666,159.66666666666666,157.66666666666666,154.66666666666666,154.33333333333334,154.33333333333334,154.33333333333334,153.33333333333334,152.33333333333334,151.33333333333334,145.66666666666666,145.66666666666666,146.33333333333334,146.33333333333334,147.66666666666666,149.66666666666666,152.0,153.0,164.66666666666666,127.66666666666667,75.0,89.0,132.66666666666666,79.33333333333333,103.33333333333333,176.66666666666666,175.66666666666666,189.66666666666666,201.33333333333334,191.33333333333334,199.0,227.0,242.0,240.0,239.66666666666666,239.66666666666666,238.0,173.0,111.66666666666667,104.66666666666667,94.0,91.0,91.66666666666667,90.66666666666667,91.0,87.0,91.66666666666667,75.66666666666667,152.66666666666666,242.66666666666666,242.0,203.0,160.0,205.66666666666666,230.0,197.0,188.0,159.0,148.0,141.66666666666666,134.33333333333334,127.33333333333333,123.33333333333333,120.33333333333333,118.0,116.0,113.0,112.0,111.33333333333333,110.33333333333333,108.33333333333333,107.33333333333333,106.0,106.0,103.0,104.0,103.0,99.0,93.0,89.0,88.0,89.0,88.0,88.0,87.0,87.0,86.0,85.0,84.0,84.0,85.0,83.0,82.0,81.0,82.0,83.0,82.0,80.0,78.66666666666667,85.66666666666667,99.66666666666667,120.66666666666667,141.33333333333334,155.33333333333334,159.33333333333334,159.33333333333334,150.0,147.66666666666666,144.66666666666666,140.66666666666666,136.66666666666666,131.66666666666666,128.66666666666666,127.66666666666667,114.66666666666667,112.66666666666667,108.66666666666667,102.66666666666667,95.66666666666667,87.66666666666667,80.66666666666667,77.0,123.66666666666667,131.33333333333334,82.0,112.0,225.0,203.0,139.0,140.66666666666666,135.33333333333334,136.33333333333334,136.66666666666666,138.66666666666666,139.33333333333334,131.33333333333334,129.66666666666666,140.33333333333334,142.66666666666666,143.66666666666666,146.66666666666666,148.66666666666666,150.66666666666666,151.66666666666666,152.66666666666666,152.66666666666666,154.66666666666666,152.66666666666666,151.66666666666666,152.66666666666666,154.66666666666666,155.66666666666666,153.66666666666666,150.66666666666666,152.33333333333334,152.33333333333334,152.33333333333334,152.33333333333334,151.33333333333334,150.33333333333334,151.66666666666666,146.66666666666666,144.33333333333334,147.33333333333334,153.66666666666666,155.66666666666666,152.0,147.0,163.66666666666666,122.66666666666667,77.0,88.0,114.66666666666667,74.33333333333333,101.33333333333333,170.66666666666666,171.66666666666666,186.66666666666666,196.33333333333334,199.33333333333334,189.0,213.0,243.0,235.0,240.66666666666666,235.66666666666666,244.0,193.0,121.66666666666667,104.66666666666667,102.0,90.0,91.66666666666667,92.66666666666667,90.66666666666667,88.66666666666667,91.66666666666667,77.66666666666667,161.66666666666666,243.66666666666666,239.0,193.0,159.66666666666666,207.66666666666666,229.0,198.0,187.0,160.66666666666666,143.66666666666666,138.66666666666666,131.33333333333334,124.33333333333333,120.33333333333333,118.33333333333333,116.0,115.0,113.0,112.0,111.33333333333333,109.33333333333333,108.33333333333333,106.33333333333333,106.0,105.0,104.0,104.0,102.0,98.0,93.0,88.0,87.0,87.0,87.0,86.0,86.0,85.0,84.0,84.0,83.0,83.0,83.0,81.0,80.0,80.0,81.0,82.0,81.0,79.0,71.66666666666667,74.66666666666667,83.66666666666667,96.66666666666667,110.33333333333333,119.33333333333333,122.33333333333333,121.33333333333333,115.33333333333333,114.33333333333333,112.33333333333333,109.33333333333333,106.33333333333333,104.33333333333333,102.33333333333333,101.33333333333333,96.33333333333333,94.33333333333333,91.33333333333333,87.33333333333333,84.33333333333333,81.33333333333333,79.33333333333333,78.0,107.33333333333333,150.0,96.33333333333333,78.33333333333333,184.66666666666666,236.33333333333334,160.0,133.66666666666666,139.33333333333334,140.33333333333334,141.66666666666666,139.66666666666666,135.33333333333334,132.33333333333334,133.33333333333334,137.33333333333334,141.66666666666666,143.66666666666666,147.66666666666666,151.66666666666666,153.66666666666666,152.66666666666666,151.66666666666666,150.66666666666666,151.66666666666666,149.66666666666666,148.66666666666666,148.66666666666666,150.66666666666666,150.66666666666666,149.66666666666666,147.66666666666666,151.33333333333334,151.33333333333334,151.33333333333334,151.33333333333334,150.33333333333334,149.33333333333334,148.66666666666666,144.66666666666666,143.33333333333334,146.33333333333334,152.66666666666666,152.66666666666666,148.0,141.0,155.66666666666666,118.66666666666667,91.0,107.0,119.66666666666667,87.33333333333333,102.33333333333333,159.66666666666666,171.66666666666666,182.66666666666666,189.33333333333334,204.33333333333334,181.0,207.0,244.0,234.0,242.66666666666666,232.66666666666666,245.0,210.0,131.66666666666666,104.66666666666667,108.0,92.0,90.66666666666667,93.66666666666667,88.66666666666667,89.66666666666667,89.66666666666667,79.66666666666667,172.66666666666666,243.33333333333334,237.0,180.66666666666666,155.66666666666666,205.66666666666666,221.0,191.66666666666666,178.66666666666666,156.66666666666666,141.66666666666666,135.66666666666666,129.33333333333334,123.33333333333333,119.33333333333333,117.33333333333333,116.0,114.0,112.0,112.0,111.33333333333333,109.33333333333333,107.33333333333333,106.33333333333333,106.0,105.0,104.66666666666667,104.0,102.0,98.0,94.0,90.0,88.0,87.0,85.0,85.0,84.0,84.0,83.0,82.0,82.0,81.0,81.0,80.0,80.0,81.0,82.0,83.0,81.0,80.0,83.66666666666667,82.66666666666667,80.66666666666667,80.66666666666667,81.33333333333333,80.33333333333333,76.33333333333333,73.33333333333333,77.0,76.33333333333333,77.33333333333333,77.33333333333333,78.33333333333333,78.33333333333333,79.33333333333333,79.33333333333333,77.33333333333333,77.33333333333333,78.33333333333333,78.33333333333333,79.33333333333333,80.33333333333333,81.33333333333333,81.33333333333333,86.0,148.33333333333334,123.0,72.0,133.0,238.33333333333334,181.0,125.0,145.0,142.33333333333334,143.66666666666666,140.66666666666666,135.33333333333334,139.33333333333334,146.33333333333334,144.33333333333334,144.66666666666666,146.66666666666666,148.66666666666666,151.66666666666666,152.66666666666666,151.66666666666666,150.66666666666666,149.66666666666666,148.66666666666666,147.66666666666666,146.66666666666666,147.66666666666666,147.66666666666666,148.66666666666666,148.66666666666666,148.66666666666666,151.33333333333334,151.33333333333334,151.33333333333334,151.33333333333334,151.33333333333334,150.33333333333334,143.66666666666666,144.66666666666666,146.33333333333334,148.33333333333334,148.66666666666666,147.66666666666666,144.0,142.0,154.66666666666666,120.66666666666667,94.0,108.0,117.66666666666667,100.33333333333333,104.33333333333333,159.66666666666666,171.66666666666666,174.66666666666666,181.33333333333334,205.33333333333334,183.0,217.0,243.0,240.0,245.66666666666666,232.66666666666666,243.0,222.0,144.66666666666666,105.66666666666667,111.0,95.0,88.66666666666667,93.66666666666667,85.66666666666667,88.66666666666667,86.66666666666667,80.66666666666667,183.66666666666666,242.33333333333334,235.0,166.66666666666666,148.66666666666666,197.66666666666666,206.66666666666666,178.66666666666666,165.66666666666666,148.66666666666666,139.66666666666666,134.66666666666666,128.33333333333334,122.33333333333333,119.33333333333333,117.33333333333333,115.66666666666667,114.66666666666667,111.66666666666667,110.66666666666667,110.33333333333333,109.33333333333333,107.33333333333333,105.33333333333333,105.0,105.0,106.66666666666667,105.0,102.0,99.0,97.0,94.0,91.0,89.0,85.0,84.0,84.0,83.0,82.0,81.0,81.0,80.0,81.0,81.0,81.0,83.0,85.0,86.0,84.0,82.0,86.66666666666667,85.66666666666667,85.66666666666667,85.66666666666667,86.33333333333333,86.33333333333333,85.33333333333333,84.33333333333333,87.0,87.0,86.0,86.0,85.0,84.0,83.0,83.0,83.0,84.0,85.0,85.0,84.0,82.0,80.0,77.33333333333333,80.33333333333333,131.0,147.66666666666666,93.33333333333333,87.33333333333333,207.0,208.66666666666666,147.0,143.0,134.0,139.66666666666666,145.66666666666666,140.66666666666666,145.66666666666666,150.33333333333334,142.33333333333334,145.66666666666666,145.66666666666666,146.66666666666666,148.66666666666666,150.66666666666666,152.66666666666666,154.66666666666666,155.66666666666666,146.66666666666666,146.66666666666666,147.66666666666666,147.66666666666666,147.66666666666666,148.66666666666666,151.66666666666666,152.66666666666666,152.33333333333334,152.33333333333334,152.33333333333334,153.33333333333334,152.33333333333334,152.33333333333334,141.66666666666666,145.66666666666666,149.33333333333334,150.33333333333334,147.66666666666666,144.66666666666666,145.0,146.0,155.66666666666666,120.66666666666667,79.0,83.0,100.66666666666667,100.33333333333333,95.33333333333333,157.66666666666666,174.66666666666666,165.66666666666666,176.33333333333334,202.33333333333334,191.0,235.0,229.0,235.0,245.66666666666666,237.66666666666666,239.0,230.0,162.66666666666666,109.66666666666667,110.0,98.0,87.66666666666667,93.66666666666667,83.66666666666667,89.66666666666667,84.66666666666667,81.66666666666667,193.66666666666666,242.33333333333334,238.66666666666666,157.66666666666666,145.66666666666666,192.0,195.66666666666666,170.66666666666666,158.66666666666666,147.66666666666666,137.66666666666666,132.66666666666666,126.33333333333333,120.33333333333333,118.33333333333333,116.33333333333333,115.66666666666667,114.66666666666667,111.66666666666667,110.66666666666667,110.33333333333333,108.33333333333333,107.33333333333333,105.33333333333333,105.0,104.0,105.66666666666667,104.0,101.0,99.0,98.0,97.0,94.0,91.0,84.0,84.0,84.0,83.0,82.0,81.0,81.0,80.0,81.0,81.0,82.0,85.0,87.0,88.0,86.0,84.0,78.66666666666667,79.66666666666667,80.66666666666667,82.66666666666667,84.33333333333333,85.33333333333333,87.33333333333333,87.33333333333333,85.0,85.0,85.0,85.0,84.0,84.0,83.0,83.0,82.0,83.0,85.0,85.0,84.0,82.0,79.0,77.0,75.33333333333333,102.33333333333333,149.33333333333334,117.33333333333333,71.33333333333333,164.66666666666666,235.66666666666666,207.0,150.33333333333334,129.0,136.66666666666666,152.66666666666666,146.66666666666666,145.66666666666666,146.33333333333334,131.33333333333334,142.66666666666666,143.66666666666666,144.66666666666666,146.66666666666666,150.66666666666666,154.66666666666666,158.66666666666666,160.66666666666666,148.66666666666666,148.66666666666666,149.66666666666666,148.66666666666666,147.66666666666666,148.66666666666666,151.66666666666666,154.66666666666666,152.33333333333334,152.33333333333334,153.33333333333334,153.33333333333334,153.33333333333334,152.33333333333334,141.66666666666666,144.66666666666666,148.33333333333334,148.33333333333334,146.66666666666666,145.66666666666666,146.0,147.0,152.66666666666666,123.66666666666667,75.0,76.0,104.66666666666667,110.33333333333333,83.33333333333333,145.66666666666666,179.66666666666666,160.66666666666666,174.33333333333334,195.33333333333334,196.0,243.0,194.0,207.0,244.66666666666666,242.66666666666666,238.0,239.0,183.66666666666666,117.66666666666667,107.0,100.0,88.66666666666667,95.66666666666667,82.66666666666667,90.66666666666667,84.66666666666667,84.66666666666667,203.66666666666666,243.33333333333334,237.66666666666666,147.66666666666666,138.66666666666666,183.0,182.66666666666666,161.66666666666666,152.33333333333334,146.33333333333334,133.66666666666666,128.66666666666666,123.33333333333333,118.33333333333333,115.33333333333333,114.33333333333333,113.66666666666667,112.66666666666667,110.66666666666667,110.66666666666667,109.33333333333333,108.33333333333333,106.33333333333333,105.33333333333333,105.0,104.0,103.66666666666667,101.0,98.0,98.0,98.0,98.0,95.0,92.0,85.0,84.0,84.0,83.0,82.0,82.0,81.0,81.0,80.0,80.0,82.0,85.0,88.0,89.0,87.0,85.0,86.66666666666667,86.66666666666667,86.66666666666667,85.66666666666667,83.33333333333333,82.33333333333333,81.33333333333333,81.33333333333333,80.0,80.33333333333333,81.33333333333333,82.33333333333333,83.33333333333333,85.33333333333333,85.33333333333333,86.33333333333333,78.33333333333333,78.33333333333333,79.33333333333333,79.33333333333333,80.33333333333333,81.33333333333333,82.33333333333333,82.0,73.66666666666667,80.33333333333333,133.33333333333334,135.0,85.0,116.66666666666667,225.66666666666666,247.0,188.33333333333334,145.0,139.66666666666666,155.66666666666666,145.66666666666666,141.66666666666666,145.33333333333334,134.33333333333334,144.66666666666666,145.66666666666666,147.66666666666666,149.66666666666666,151.66666666666666,153.66666666666666,155.66666666666666,155.66666666666666,151.66666666666666,152.66666666666666,151.66666666666666,149.66666666666666,146.66666666666666,146.66666666666666,149.66666666666666,152.66666666666666,150.33333333333334,151.33333333333334,151.33333333333334,152.33333333333334,152.33333333333334,152.33333333333334,141.66666666666666,141.66666666666666,143.33333333333334,144.66666666666666,145.66666666666666,145.66666666666666,144.66666666666666,144.66666666666666,150.66666666666666,133.66666666666666,89.0,96.0,131.66666666666666,134.0,82.0,137.66666666666666,184.66666666666666,158.66666666666666,172.66666666666666,189.33333333333334,194.66666666666666,241.0,159.66666666666666,176.0,242.0,246.0,238.0,244.0,199.0,124.0,105.66666666666667,100.66666666666667,89.66666666666667,97.66666666666667,83.66666666666667,92.66666666666667,85.66666666666667,86.66666666666667,209.66666666666666,245.33333333333334,229.0,132.66666666666666,125.66666666666667,170.66666666666666,167.66666666666666,149.66666666666666,142.66666666666666,139.66666666666666,132.33333333333334,127.33333333333333,120.33333333333333,116.33333333333333,113.66666666666667,112.66666666666667,111.66666666666667,110.66666666666667,110.66666666666667,109.66666666666667,109.33333333333333,108.33333333333333,106.33333333333333,105.33333333333333,104.0,104.0,101.66666666666667,98.66666666666667,95.66666666666667,95.66666666666667,97.66666666666667,97.66666666666667,94.66666666666667,91.66666666666667,84.66666666666667,84.66666666666667,83.66666666666667,82.66666666666667,82.66666666666667,81.66666666666667,80.66666666666667,80.66666666666667,79.0,80.0,82.0,85.0,88.0,89.0,86.66666666666667,84.66666666666667,82.66666666666667,83.33333333333333,85.66666666666667,85.33333333333333,84.33333333333333,83.33333333333333,83.33333333333333,85.0,83.33333333333333,83.33333333333333,82.33333333333333,82.33333333333333,81.33333333333333,81.33333333333333,80.33333333333333,80.33333333333333,87.33333333333333,85.33333333333333,82.33333333333333,80.33333333333333,79.33333333333333,80.33333333333333,82.33333333333333,84.0,81.66666666666667,80.33333333333333,125.33333333333333,146.0,101.0,77.0,188.0,241.0,230.66666666666666,168.33333333333334,146.0,155.33333333333334,142.33333333333334,139.66666666666666,151.33333333333334,147.33333333333334,148.66666666666666,150.66666666666666,152.66666666666666,153.66666666666666,153.66666666666666,151.66666666666666,148.66666666666666,146.66666666666666,154.66666666666666,155.33333333333334,153.66666666666666,149.33333333333334,144.33333333333334,143.33333333333334,146.33333333333334,149.66666666666666,149.33333333333334,149.33333333333334,150.33333333333334,151.33333333333334,151.33333333333334,151.33333333333334,146.66666666666666,143.66666666666666,143.0,147.0,149.0,147.0,146.0,147.0,159.66666666666666,114.33333333333333,92.0,103.0,141.33333333333334,146.0,80.0,132.33333333333334,192.33333333333334,152.33333333333334,168.33333333333334,184.66666666666666,193.33333333333334,225.66666666666666,177.66666666666666,203.0,245.33333333333334,239.0,238.0,241.0,211.66666666666666,143.0,100.66666666666667,106.0,98.66666666666667,86.0,92.0,90.0,78.66666666666667,98.66666666666667,218.33333333333334,246.0,217.66666666666666,122.66666666666667,136.0,151.33333333333334,157.0,149.33333333333334,143.33333333333334,138.33333333333334,127.66666666666667,123.66666666666667,118.66666666666667,114.66666666666667,114.33333333333333,113.33333333333333,112.33333333333333,111.33333333333333,110.33333333333333,108.33333333333333,107.33333333333333,106.33333333333333,106.33333333333333,104.33333333333333,101.33333333333333,98.33333333333333,99.0,98.0,97.0,96.0,95.0,95.0,95.0,95.0,88.0,83.0,84.0,88.0,83.0,74.0,78.0,90.0,84.0,84.0,86.0,87.0,87.0,87.0,87.0,87.0,85.0,85.0,85.0,84.0,84.0,83.0,83.0,83.0,85.0,84.0,82.0,81.0,80.0,81.0,82.0,83.0,82.0,82.0,82.0,81.0,81.0,80.0,80.0,80.0,90.0,63.333333333333336,93.33333333333333,146.0,113.33333333333333,77.33333333333333,147.0,230.0,214.0,202.66666666666666,134.66666666666666,144.33333333333334,153.33333333333334,149.0,142.33333333333334,137.33333333333334,137.66666666666666,138.66666666666666,140.66666666666666,143.66666666666666,145.66666666666666,147.66666666666666,147.66666666666666,147.66666666666666,156.66666666666666,154.0,152.66666666666666,152.0,150.0,146.0,145.0,146.66666666666666,147.66666666666666,149.33333333333334,151.33333333333334,152.33333333333334,152.33333333333334,151.33333333333334,144.66666666666666,141.66666666666666,141.0,145.0,146.66666666666666,144.66666666666666,142.33333333333334,144.33333333333334,153.33333333333334,125.33333333333333,87.0,87.0,144.0,156.0,82.66666666666667,123.0,182.33333333333334,177.33333333333334,161.33333333333334,176.66666666666666,194.33333333333334,229.33333333333334,217.66666666666666,217.0,235.33333333333334,237.33333333333334,238.0,245.66666666666666,227.33333333333334,159.33333333333334,107.33333333333333,109.0,99.66666666666667,88.0,92.0,90.0,77.66666666666667,102.66666666666667,221.33333333333334,247.33333333333334,209.66666666666666,116.66666666666667,131.66666666666666,146.33333333333334,151.33333333333334,143.33333333333334,137.66666666666666,133.66666666666666,128.33333333333334,124.33333333333333,118.33333333333333,115.33333333333333,114.33333333333333,113.33333333333333,112.33333333333333,110.33333333333333,110.33333333333333,108.33333333333333,106.33333333333333,105.33333333333333,104.33333333333333,104.33333333333333,101.33333333333333,99.33333333333333,99.0,98.0,97.0,95.0,95.0,94.0,94.0,95.0,91.0,92.0,100.0,108.0,101.0,84.0,77.0,81.0,84.0,85.0,86.0,87.0,87.0,87.0,87.0,86.0,85.0,85.0,85.0,84.0,84.0,83.0,83.0,83.0,85.0,84.0,82.0,81.0,81.0,81.0,82.0,82.0,82.0,82.0,82.0,81.0,81.0,80.0,80.0,80.0,84.33333333333333,73.33333333333333,88.33333333333333,130.0,133.0,85.66666666666667,112.33333333333333,221.0,216.66666666666666,215.66666666666666,149.0,147.66666666666666,152.33333333333334,149.33333333333334,145.33333333333334,143.33333333333334,142.33333333333334,141.66666666666666,141.66666666666666,141.66666666666666,142.66666666666666,146.66666666666666,152.66666666666666,156.66666666666666,144.66666666666666,145.0,148.0,151.0,151.0,148.33333333333334,146.33333333333334,146.0,149.66666666666666,150.33333333333334,151.33333333333334,152.33333333333334,152.33333333333334,152.33333333333334,143.66666666666666,139.66666666666666,139.0,144.0,144.66666666666666,142.66666666666666,140.33333333333334,142.33333333333334,147.33333333333334,133.33333333333334,84.0,82.0,143.0,160.0,88.66666666666667,110.0,165.66666666666666,193.66666666666666,153.66666666666666,175.33333333333334,194.33333333333334,209.0,241.0,243.0,235.66666666666666,244.0,237.66666666666666,240.66666666666666,234.33333333333334,170.33333333333334,109.0,102.33333333333333,100.66666666666667,92.0,91.0,89.0,75.66666666666667,110.66666666666667,225.33333333333334,247.33333333333334,199.66666666666666,110.66666666666667,129.66666666666666,142.33333333333334,145.33333333333334,138.33333333333334,133.66666666666666,129.66666666666666,126.33333333333333,123.33333333333333,117.33333333333333,114.33333333333333,113.33333333333333,112.33333333333333,111.33333333333333,110.33333333333333,110.33333333333333,107.33333333333333,104.33333333333333,102.33333333333333,102.33333333333333,102.33333333333333,101.33333333333333,100.33333333333333,98.0,98.0,96.0,95.0,94.0,94.0,94.0,94.0,93.0,96.0,106.0,114.0,107.0,90.0,80.0,80.0,84.0,85.0,86.0,87.0,87.0,87.0,86.0,86.0,85.0,85.0,85.0,84.0,84.0,83.0,83.0,83.0,84.0,84.0,83.0,82.0,81.0,81.0,82.0,82.0,82.0,82.0,82.0,81.0,81.0,80.0,80.0,80.0,79.33333333333333,82.33333333333333,83.33333333333333,107.0,150.0,102.66666666666667,75.33333333333333,193.0,222.66666666666666,229.66666666666666,160.0,150.66666666666666,151.33333333333334,149.33333333333334,147.33333333333334,150.33333333333334,155.0,155.33333333333334,153.33333333333334,149.33333333333334,144.33333333333334,142.66666666666666,146.66666666666666,149.66666666666666,149.66666666666666,151.33333333333334,153.33333333333334,155.33333333333334,156.33333333333334,157.0,157.0,157.33333333333334,150.66666666666666,151.33333333333334,151.33333333333334,151.33333333333334,151.33333333333334,152.33333333333334,145.66666666666666,141.66666666666666,140.0,145.0,145.66666666666666,143.66666666666666,141.33333333333334,142.33333333333334,146.33333333333334,129.33333333333334,91.0,103.0,136.0,143.0,97.66666666666667,105.0,154.66666666666666,192.33333333333334,158.33333333333334,174.33333333333334,186.0,169.0,209.0,244.66666666666666,239.0,249.0,235.66666666666666,232.66666666666666,237.33333333333334,184.33333333333334,119.0,103.66666666666667,101.66666666666667,96.0,90.0,89.0,74.66666666666667,120.66666666666667,231.33333333333334,247.33333333333334,191.66666666666666,108.66666666666667,130.66666666666666,142.33333333333334,142.33333333333334,135.33333333333334,132.66666666666666,129.66666666666666,125.33333333333333,121.33333333333333,116.33333333333333,113.33333333333333,112.33333333333333,111.33333333333333,110.33333333333333,109.33333333333333,110.33333333333333,106.33333333333333,102.33333333333333,100.33333333333333,100.33333333333333,101.33333333333333,101.33333333333333,101.33333333333333,98.0,97.0,96.0,95.0,94.0,94.0,94.0,94.0,92.0,91.0,94.0,98.0,95.0,87.0,85.0,89.0,85.0,85.0,86.0,87.0,87.0,87.0,86.0,85.0,85.0,85.0,85.0,84.0,84.0,83.0,83.0,83.0,84.0,84.0,83.0,83.0,82.0,82.0,82.0,82.0,82.0,82.0,82.0,81.0,81.0,80.0,80.0,80.0,80.33333333333333,83.33333333333333,81.33333333333333,87.0,148.0,126.33333333333333,66.33333333333333,145.0,229.66666666666666,233.66666666666666,155.66666666666666,146.66666666666666,154.33333333333334,148.33333333333334,144.33333333333334,154.0,144.66666666666666,148.66666666666666,151.66666666666666,149.33333333333334,145.66666666666666,143.33333333333334,144.33333333333334,145.66666666666666,159.33333333333334,158.66666666666666,155.66666666666666,150.33333333333334,148.66666666666666,149.33333333333334,149.33333333333334,147.33333333333334,150.66666666666666,151.33333333333334,150.33333333333334,149.33333333333334,149.33333333333334,151.33333333333334,147.66666666666666,143.66666666666666,143.0,147.0,147.66666666666666,144.66666666666666,142.33333333333334,143.33333333333334,150.33333333333334,119.33333333333333,100.0,136.0,125.0,111.0,102.66666666666667,107.0,148.33333333333334,189.33333333333334,176.33333333333334,161.33333333333334,184.0,174.0,182.66666666666666,222.66666666666666,235.0,245.66666666666666,236.66666666666666,236.66666666666666,246.33333333333334,206.33333333333334,140.33333333333334,107.66666666666667,100.66666666666667,101.0,89.0,90.0,74.66666666666667,132.66666666666666,236.33333333333334,246.33333333333334,182.66666666666666,104.66666666666667,130.66666666666666,140.33333333333334,138.33333333333334,131.33333333333334,130.66666666666666,128.66666666666666,123.33333333333333,119.33333333333333,114.33333333333333,111.33333333333333,111.33333333333333,110.33333333333333,110.33333333333333,109.33333333333333,108.33333333333333,105.33333333333333,101.33333333333333,99.33333333333333,99.33333333333333,100.33333333333333,100.33333333333333,100.33333333333333,98.0,97.0,96.0,94.0,94.0,93.0,93.0,94.0,92.0,89.0,86.0,86.0,85.0,85.0,90.0,95.0,85.0,86.0,87.0,87.0,87.0,86.0,85.0,85.0,85.0,85.0,85.0,84.0,84.0,83.0,83.0,83.0,84.0,84.0,84.0,84.0,83.0,83.0,82.0,82.0,82.0,82.0,82.0,81.0,81.0,80.0,80.0,80.0,83.33333333333333,77.33333333333333,82.33333333333333,76.0,126.0,144.33333333333334,86.33333333333333,97.0,222.66666666666666,228.66666666666666,147.66666666666666,140.66666666666666,155.33333333333334,148.33333333333334,140.0,155.0,145.33333333333334,147.33333333333334,150.33333333333334,150.66666666666666,152.33333333333334,154.66666666666666,159.66666666666666,164.33333333333334,155.66666666666666,159.33333333333334,159.33333333333334,153.66666666666666,152.33333333333334,153.66666666666666,151.66666666666666,146.66666666666666,151.33333333333334,150.33333333333334,148.33333333333334,147.33333333333334,147.33333333333334,148.33333333333334,147.66666666666666,143.66666666666666,143.0,146.0,147.66666666666666,143.66666666666666,141.33333333333334,142.33333333333334,152.33333333333334,121.33333333333333,99.0,147.0,115.0,80.0,95.66666666666667,111.66666666666667,131.66666666666666,190.33333333333334,191.66666666666666,145.66666666666666,205.0,236.0,212.66666666666666,226.33333333333334,234.66666666666666,240.66666666666666,241.0,242.66666666666666,245.33333333333334,215.33333333333334,151.33333333333334,97.66666666666667,98.66666666666667,104.0,89.0,93.0,75.66666666666667,143.66666666666666,241.33333333333334,244.33333333333334,171.66666666666666,98.66666666666667,127.66666666666667,136.33333333333334,132.33333333333334,126.33333333333333,126.66666666666667,124.66666666666667,121.33333333333333,118.33333333333333,113.33333333333333,110.33333333333333,109.33333333333333,110.33333333333333,109.33333333333333,108.33333333333333,105.33333333333333,103.33333333333333,100.33333333333333,98.33333333333333,99.33333333333333,100.33333333333333,99.33333333333333,98.33333333333333,97.0,97.0,95.0,94.0,93.0,93.0,93.0,93.0,93.0,92.0,91.0,90.0,90.0,89.0,90.0,91.0,86.0,86.0,87.0,87.0,87.0,86.0,85.0,84.0,85.0,85.0,85.0,84.0,84.0,83.0,83.0,83.0,84.0,84.0,85.0,85.0,84.0,83.0,82.0,82.0,82.0,82.0,82.0,81.0,81.0,80.0,80.0,80.0,83.33333333333333,74.33333333333333,83.33333333333333,72.0,103.0,148.33333333333334,114.33333333333333,71.0,189.66666666666666,225.66666666666666,154.66666666666666,137.0,150.33333333333334,149.33333333333334,141.0,153.33333333333334,157.66666666666666,151.66666666666666,143.66666666666666,137.33333333333334,135.66666666666666,138.33333333333334,143.33333333333334,145.66666666666666,131.66666666666666,141.66666666666666,147.66666666666666,149.33333333333334,154.33333333333334,161.33333333333334,161.33333333333334,155.33333333333334,151.33333333333334,150.33333333333334,149.33333333333334,148.33333333333334,147.33333333333334,147.33333333333334,144.66666666666666,140.66666666666666,139.0,143.0,143.66666666666666,140.66666666666666,138.33333333333334,139.33333333333334,150.33333333333334,138.33333333333334,88.0,126.0,111.0,64.0,77.66666666666667,111.66666666666667,115.33333333333333,192.66666666666666,196.0,143.0,223.0,252.0,241.33333333333334,245.33333333333334,240.66666666666666,237.66666666666666,242.0,243.0,236.66666666666666,223.66666666666666,175.33333333333334,108.66666666666667,96.66666666666667,107.0,89.0,95.0,76.66666666666667,152.66666666666666,244.33333333333334,242.33333333333334,163.66666666666666,95.66666666666667,127.66666666666667,134.33333333333334,128.33333333333334,122.33333333333333,124.66666666666667,123.66666666666667,120.33333333333333,116.33333333333333,112.33333333333333,109.33333333333333,109.33333333333333,109.33333333333333,108.33333333333333,108.33333333333333,103.33333333333333,101.33333333333333,99.33333333333333,99.33333333333333,100.33333333333333,100.33333333333333,98.33333333333333,96.33333333333333,97.0,96.0,95.0,94.0,93.0,93.0,93.0,93.0,91.0,92.0,93.0,92.0,92.0,91.0,89.0,86.0,86.0,87.0,87.0,87.0,87.0,86.0,85.0,84.0,85.0,85.0,85.0,84.0,84.0,83.0,83.0,83.0,83.33333333333333,83.33333333333333,84.33333333333333,84.33333333333333,84.33333333333333,83.33333333333333,81.33333333333333,80.33333333333333,81.33333333333333,81.33333333333333,81.33333333333333,80.33333333333333,80.33333333333333,79.33333333333333,79.33333333333333,79.33333333333333,78.0,78.0,80.33333333333333,71.66666666666667,91.0,138.33333333333334,130.33333333333334,74.0,139.66666666666666,228.66666666666666,181.66666666666666,140.0,141.33333333333334,152.33333333333334,149.0,152.33333333333334,146.66666666666666,141.66666666666666,136.66666666666666,136.0,142.66666666666666,148.0,151.0,151.0,155.0,158.0,152.0,139.33333333333334,138.33333333333334,147.33333333333334,151.33333333333334,147.33333333333334,152.33333333333334,152.33333333333334,152.33333333333334,150.33333333333334,149.33333333333334,147.33333333333334,141.66666666666666,137.66666666666666,136.0,140.0,140.66666666666666,136.66666666666666,134.33333333333334,135.33333333333334,146.33333333333334,155.33333333333334,76.0,100.0,111.0,60.0,61.666666666666664,110.66666666666667,110.33333333333333,197.0,195.0,148.0,220.0,234.0,227.33333333333334,245.33333333333334,244.66666666666666,232.66666666666666,239.0,241.0,235.0,242.66666666666666,214.66666666666666,147.66666666666666,95.66666666666667,108.0,89.0,96.0,77.66666666666667,156.66666666666666,246.33333333333334,241.33333333333334,160.66666666666666,94.66666666666667,128.66666666666666,135.33333333333334,128.33333333333334,122.33333333333333,124.66666666666667,123.66666666666667,119.33333333333333,116.33333333333333,111.33333333333333,109.33333333333333,108.33333333333333,109.33333333333333,108.33333333333333,107.33333333333333,101.33333333333333,100.33333333333333,99.33333333333333,99.33333333333333,100.33333333333333,100.33333333333333,97.33333333333333,95.33333333333333,97.0,96.0,95.0,94.0,93.0,92.0,93.0,93.0,87.0,88.0,88.0,87.0,88.0,89.0,88.0,85.0,87.0,87.0,87.0,87.0,87.0,86.0,84.0,84.0,85.0,85.0,85.0,84.0,84.0,83.0,83.0,83.0,82.33333333333333,83.33333333333333,84.33333333333333,85.33333333333333,84.33333333333333,83.33333333333333,81.33333333333333,80.33333333333333,81.33333333333333,81.33333333333333,81.33333333333333,80.33333333333333,80.33333333333333,79.33333333333333,79.33333333333333,79.33333333333333,72.0,84.0,77.33333333333333,71.66666666666667,90.0,127.33333333333333,134.33333333333334,86.0,100.0,233.33333333333334,205.66666666666666,144.0,133.33333333333334,154.33333333333334,156.0,152.33333333333334,140.0,146.66666666666666,161.66666666666666,186.66666666666666,212.66666666666666,231.66666666666666,237.0,237.0,248.0,235.0,204.0,166.0,147.0,148.33333333333334,152.33333333333334,149.33333333333334,154.33333333333334,154.33333333333334,154.33333333333334,153.33333333333334,151.33333333333334,148.33333333333334,138.66666666666666,142.66666666666666,144.0,142.0,137.66666666666666,136.66666666666666,140.33333333333334,144.33333333333334,142.33333333333334,141.33333333333334,101.0,83.0,95.0,62.0,54.666666666666664,113.66666666666667,107.33333333333333,166.33333333333334,218.33333333333334,156.33333333333334,152.0,216.0,252.66666666666666,238.66666666666666,240.33333333333334,240.33333333333334,241.66666666666666,240.66666666666666,237.66666666666666,234.66666666666666,232.66666666666666,232.66666666666666,107.66666666666667,89.0,104.0,96.0,88.66666666666667,167.66666666666666,243.33333333333334,238.33333333333334,141.66666666666666,104.66666666666667,124.66666666666667,125.33333333333333,129.33333333333334,121.33333333333333,124.66666666666667,120.66666666666667,116.33333333333333,114.33333333333333,112.33333333333333,111.33333333333333,109.33333333333333,107.33333333333333,104.33333333333333,101.33333333333333,102.33333333333333,102.33333333333333,101.33333333333333,100.33333333333333,98.33333333333333,97.33333333333333,96.33333333333333,96.33333333333333,96.0,96.0,95.0,94.0,94.0,93.0,92.0,92.0,91.0,91.0,90.0,90.0,89.0,88.0,87.0,87.0,86.0,86.0,86.0,86.0,86.0,86.0,86.0,86.0,82.0,84.0,87.0,87.0,85.0,83.0,82.0,83.0,80.33333333333333,80.33333333333333,81.33333333333333,81.33333333333333,80.33333333333333,79.33333333333333,78.33333333333333,77.33333333333333,80.33333333333333,81.33333333333333,81.33333333333333,80.33333333333333,78.33333333333333,79.33333333333333,81.33333333333333,82.33333333333333,75.0,82.0,72.0,75.66666666666667,81.0,111.33333333333333,144.33333333333334,110.0,68.0,194.33333333333334,224.66666666666666,180.0,131.0,148.0,146.66666666666666,132.33333333333334,159.66666666666666,227.33333333333334,252.66666666666666,240.33333333333334,239.66666666666666,244.66666666666666,237.66666666666666,234.0,225.0,251.33333333333334,225.0,155.0,137.0,155.0,157.0,150.33333333333334,153.33333333333334,153.33333333333334,152.33333333333334,151.33333333333334,149.33333333333334,148.33333333333334,138.66666666666666,141.66666666666666,144.0,142.0,137.66666666666666,136.66666666666666,139.33333333333334,143.33333333333334,142.33333333333334,146.33333333333334,107.0,80.0,86.0,61.0,51.666666666666664,95.66666666666667,110.66666666666667,136.33333333333334,212.33333333333334,188.33333333333334,145.0,136.0,186.0,239.0,240.33333333333334,236.33333333333334,233.33333333333334,237.33333333333334,244.0,247.0,243.0,237.0,136.66666666666666,91.0,104.0,93.0,89.66666666666667,178.66666666666666,244.33333333333334,236.33333333333334,136.66666666666666,101.66666666666667,121.66666666666667,122.33333333333333,126.33333333333333,119.33333333333333,122.66666666666667,118.66666666666667,115.33333333333333,113.33333333333333,111.33333333333333,109.33333333333333,108.33333333333333,106.33333333333333,103.33333333333333,100.33333333333333,102.33333333333333,102.33333333333333,101.33333333333333,99.33333333333333,98.33333333333333,97.33333333333333,96.33333333333333,96.33333333333333,96.0,96.0,95.0,94.0,93.0,93.0,92.0,92.0,92.0,91.0,91.0,90.0,89.0,89.0,88.0,88.0,86.0,86.0,86.0,86.0,86.0,86.0,86.0,86.0,83.0,85.0,86.0,86.0,83.0,82.0,81.0,82.0,81.33333333333333,82.33333333333333,83.33333333333333,84.33333333333333,84.33333333333333,84.33333333333333,84.33333333333333,84.33333333333333,81.33333333333333,81.33333333333333,82.33333333333333,81.33333333333333,80.33333333333333,79.33333333333333,79.33333333333333,79.33333333333333,75.0,83.0,75.0,76.33333333333333,74.66666666666667,99.33333333333333,139.0,125.0,69.0,159.0,225.66666666666666,183.0,151.0,140.0,147.66666666666666,141.33333333333334,208.66666666666666,234.33333333333334,243.33333333333334,243.33333333333334,246.66666666666666,237.66666666666666,232.66666666666666,244.66666666666666,246.0,240.0,201.0,151.0,137.0,147.0,153.0,152.33333333333334,156.33333333333334,156.33333333333334,156.33333333333334,156.33333333333334,156.33333333333334,155.33333333333334,140.66666666666666,142.66666666666666,144.0,142.0,138.66666666666666,137.66666666666666,140.33333333333334,143.33333333333334,139.33333333333334,148.33333333333334,113.0,75.0,73.0,61.0,52.666666666666664,75.66666666666667,110.0,130.0,214.66666666666666,194.66666666666666,142.66666666666666,118.66666666666667,122.66666666666667,157.66666666666666,219.0,234.0,247.66666666666666,248.66666666666666,239.66666666666666,232.66666666666666,236.66666666666666,243.66666666666666,174.0,94.0,106.0,88.0,88.66666666666667,191.66666666666666,245.33333333333334,233.33333333333334,131.66666666666666,97.66666666666667,119.66666666666667,119.33333333333333,122.33333333333333,116.33333333333333,120.66666666666667,114.66666666666667,114.33333333333333,112.33333333333333,109.33333333333333,107.33333333333333,106.33333333333333,105.33333333333333,102.33333333333333,99.33333333333333,102.33333333333333,101.33333333333333,100.33333333333333,99.33333333333333,98.33333333333333,97.33333333333333,96.33333333333333,95.33333333333333,96.0,95.0,95.0,94.0,93.0,92.0,92.0,92.0,92.0,92.0,91.0,90.0,89.0,89.0,88.0,88.0,85.0,85.0,85.0,85.0,85.0,85.0,85.0,85.0,84.0,85.0,86.0,84.0,82.0,80.0,81.0,82.0,77.33333333333333,77.66666666666667,79.66666666666667,81.66666666666667,82.66666666666667,83.66666666666667,83.66666666666667,83.66666666666667,78.66666666666667,78.66666666666667,79.66666666666667,80.66666666666667,80.66666666666667,79.66666666666667,78.66666666666667,78.66666666666667,75.0,80.66666666666667,79.0,77.33333333333333,68.66666666666667,84.33333333333333,129.0,143.0,74.0,111.0,220.66666666666666,194.0,172.0,127.0,141.66666666666666,153.33333333333334,244.0,240.66666666666666,230.66666666666666,232.66666666666666,241.66666666666666,236.66666666666666,230.0,241.0,238.0,188.0,147.66666666666666,138.66666666666666,144.66666666666666,152.33333333333334,151.33333333333334,142.33333333333334,151.33333333333334,151.33333333333334,152.33333333333334,152.33333333333334,153.33333333333334,153.33333333333334,143.66666666666666,144.66666666666666,145.0,143.0,140.66666666666666,139.66666666666666,141.33333333333334,144.33333333333334,135.33333333333334,148.33333333333334,119.0,73.0,61.0,62.0,59.666666666666664,62.666666666666664,106.0,131.0,210.66666666666666,187.66666666666666,149.66666666666666,150.66666666666666,120.66666666666667,115.33333333333333,122.66666666666667,160.33333333333334,207.0,235.0,239.0,237.0,243.0,251.33333333333334,196.0,97.0,107.0,83.0,86.66666666666667,200.66666666666666,243.33333333333334,231.33333333333334,125.66666666666667,95.66666666666667,118.66666666666667,117.33333333333333,120.33333333333333,115.33333333333333,119.66666666666667,113.66666666666667,112.33333333333333,110.33333333333333,107.33333333333333,105.33333333333333,104.33333333333333,103.33333333333333,101.33333333333333,99.33333333333333,101.33333333333333,101.33333333333333,100.33333333333333,99.33333333333333,98.33333333333333,96.33333333333333,96.33333333333333,95.33333333333333,95.0,95.0,94.0,94.0,93.0,92.0,91.0,91.0,91.0,90.0,90.0,89.0,88.0,87.0,87.0,86.0,85.0,85.0,85.0,85.0,85.0,85.0,85.0,85.0,85.0,86.0,85.0,84.0,82.0,81.0,83.0,83.33333333333333,80.33333333333333,80.66666666666667,81.66666666666667,83.66666666666667,84.66666666666667,84.66666666666667,84.66666666666667,84.66666666666667,78.66666666666667,77.66666666666667,76.66666666666667,76.66666666666667,78.66666666666667,80.66666666666667,80.66666666666667,80.33333333333333,77.0,77.66666666666667,80.0,79.33333333333333,69.66666666666667,76.33333333333333,117.0,151.66666666666666,86.0,78.0,201.33333333333334,213.0,181.0,123.0,131.66666666666666,166.0,231.0,235.66666666666666,234.66666666666666,234.66666666666666,242.66666666666666,243.0,225.0,206.0,169.0,128.66666666666666,121.66666666666667,140.33333333333334,146.33333333333334,151.33333333333334,154.33333333333334,144.33333333333334,146.33333333333334,146.33333333333334,147.33333333333334,147.33333333333334,147.33333333333334,148.33333333333334,147.66666666666666,147.66666666666666,147.0,145.0,143.66666666666666,142.66666666666666,143.33333333333334,144.33333333333334,138.33333333333334,148.33333333333334,128.0,81.0,56.0,61.0,63.666666666666664,54.666666666666664,98.0,114.0,193.0,202.0,156.33333333333334,138.33333333333334,122.33333333333333,149.0,114.33333333333333,115.66666666666667,126.33333333333333,147.66666666666666,178.0,206.33333333333334,227.0,236.0,190.0,98.0,106.0,78.0,88.66666666666667,204.66666666666666,242.33333333333334,228.33333333333334,121.66666666666667,94.66666666666667,119.66666666666667,116.33333333333333,119.33333333333333,115.33333333333333,120.66666666666667,113.66666666666667,112.33333333333333,109.33333333333333,105.33333333333333,103.33333333333333,103.33333333333333,103.33333333333333,101.33333333333333,100.33333333333333,101.33333333333333,100.33333333333333,100.33333333333333,98.33333333333333,97.33333333333333,96.33333333333333,95.33333333333333,95.33333333333333,95.0,95.0,94.0,93.0,92.0,92.0,91.0,91.0,89.0,89.0,88.0,88.0,87.0,86.0,85.0,85.0,85.0,85.0,85.0,85.0,85.0,85.0,85.0,85.0,85.0,86.0,85.0,84.0,83.0,84.0,88.0,90.33333333333333,96.33333333333333,96.66666666666667,96.66666666666667,96.66666666666667,95.66666666666667,94.66666666666667,93.66666666666667,93.66666666666667,87.66666666666667,83.66666666666667,77.66666666666667,75.66666666666667,75.66666666666667,77.66666666666667,78.66666666666667,78.33333333333333,78.0,74.66666666666667,78.66666666666667,80.33333333333333,75.66666666666667,76.33333333333333,105.0,149.66666666666666,100.0,65.0,168.33333333333334,229.0,185.66666666666666,137.66666666666666,128.33333333333334,177.0,239.0,239.0,239.0,231.0,215.0,192.0,158.0,126.66666666666667,108.66666666666667,113.33333333333333,141.33333333333334,156.33333333333334,141.33333333333334,139.66666666666666,154.66666666666666,156.66666666666666,149.33333333333334,149.33333333333334,149.33333333333334,149.33333333333334,148.33333333333334,148.33333333333334,149.66666666666666,148.66666666666666,147.0,145.0,144.66666666666666,143.66666666666666,144.33333333333334,144.33333333333334,144.33333333333334,148.33333333333334,141.0,102.0,62.0,58.0,62.666666666666664,48.0,87.0,113.0,181.0,216.0,160.33333333333334,119.0,103.0,124.0,147.66666666666666,133.66666666666666,117.66666666666667,114.33333333333333,127.33333333333333,146.66666666666666,163.33333333333334,171.33333333333334,163.66666666666666,100.0,98.0,73.0,97.66666666666667,209.66666666666666,244.33333333333334,223.33333333333334,117.66666666666667,93.66666666666667,120.66666666666667,115.33333333333333,117.33333333333333,115.33333333333333,120.66666666666667,112.66666666666667,112.33333333333333,108.33333333333333,105.33333333333333,103.33333333333333,103.33333333333333,103.33333333333333,102.33333333333333,101.33333333333333,101.33333333333333,100.33333333333333,99.33333333333333,98.33333333333333,97.33333333333333,96.33333333333333,95.33333333333333,94.33333333333333,94.0,94.0,94.0,93.0,92.0,91.0,91.0,90.0,89.0,89.0,88.0,88.0,87.0,86.0,86.0,85.0,86.0,86.0,86.0,86.0,86.0,86.0,86.0,86.0,85.0,86.0,86.0,85.0,86.0,90.0,95.0,99.33333333333333,108.33333333333333,107.66666666666667,107.66666666666667,105.66666666666667,104.66666666666667,102.66666666666667,100.66666666666667,99.66666666666667,99.66666666666667,93.66666666666667,84.66666666666667,79.66666666666667,78.66666666666667,77.66666666666667,75.66666666666667,73.33333333333333,79.0,73.66666666666667,80.66666666666667,79.33333333333333,79.66666666666667,79.33333333333333,93.66666666666667,143.66666666666666,116.0,66.0,128.33333333333334,228.0,194.66666666666666,162.66666666666666,131.33333333333334,166.33333333333334,220.66666666666666,192.0,177.0,169.0,142.0,116.66666666666667,108.66666666666667,106.33333333333333,114.33333333333333,131.33333333333334,152.33333333333334,154.66666666666666,148.66666666666666,153.66666666666666,155.66666666666666,146.66666666666666,150.33333333333334,150.33333333333334,149.33333333333334,149.33333333333334,148.33333333333334,148.33333333333334,148.66666666666666,147.66666666666666,145.0,144.0,143.66666666666666,143.66666666666666,142.33333333333334,142.33333333333334,143.33333333333334,142.33333333333334,151.0,127.0,76.0,59.0,63.666666666666664,49.0,72.0,114.33333333333333,165.33333333333334,216.33333333333334,170.33333333333334,135.66666666666666,127.33333333333333,121.33333333333333,120.33333333333333,127.33333333333333,136.33333333333334,141.66666666666666,142.66666666666666,139.33333333333334,134.66666666666666,131.66666666666666,131.66666666666666,101.0,87.0,68.0,112.66666666666667,217.66666666666666,248.33333333333334,216.33333333333334,113.66666666666667,92.66666666666667,119.66666666666667,114.33333333333333,115.33333333333333,114.33333333333333,120.66666666666667,111.66666666666667,112.33333333333333,109.33333333333333,105.33333333333333,103.33333333333333,103.33333333333333,103.33333333333333,103.33333333333333,102.33333333333333,100.33333333333333,100.33333333333333,99.33333333333333,98.33333333333333,97.33333333333333,95.33333333333333,94.33333333333333,94.33333333333333,94.0,94.0,93.0,93.0,92.0,91.0,90.0,90.0,91.0,91.0,90.0,90.0,89.0,88.0,87.0,87.0,87.0,87.0,87.0,87.0,87.0,87.0,87.0,87.0,85.0,85.0,86.0,87.0,89.0,95.0,103.0,107.33333333333333,110.33333333333333,109.66666666666667,109.66666666666667,107.66666666666667,106.66666666666667,103.66666666666667,101.66666666666667,100.66666666666667,103.66666666666667,97.66666666666667,91.66666666666667,87.66666666666667,87.66666666666667,84.66666666666667,78.66666666666667,73.33333333333333,79.0,75.66666666666667,83.66666666666667,76.33333333333333,78.66666666666667,80.33333333333333,87.66666666666667,140.66666666666666,132.0,71.0,91.33333333333333,208.0,205.66666666666666,176.66666666666666,127.33333333333333,128.33333333333334,147.66666666666666,122.66666666666667,116.66666666666667,116.66666666666667,103.66666666666667,108.66666666666667,129.66666666666666,137.33333333333334,118.33333333333333,139.66666666666666,148.66666666666666,147.66666666666666,155.66666666666666,159.0,148.0,137.0,147.33333333333334,147.33333333333334,147.33333333333334,147.33333333333334,148.33333333333334,148.33333333333334,147.66666666666666,145.66666666666666,143.0,142.0,142.0,141.66666666666666,141.0,140.0,138.33333333333334,135.33333333333334,154.33333333333334,143.0,88.33333333333333,62.333333333333336,65.0,53.0,59.333333333333336,99.33333333333333,138.33333333333334,217.33333333333334,182.66666666666666,155.66666666666666,191.33333333333334,217.33333333333334,160.33333333333334,135.33333333333334,109.33333333333333,103.33333333333333,118.66666666666667,140.66666666666666,152.66666666666666,156.33333333333334,111.66666666666667,102.0,78.0,65.0,123.66666666666667,225.0,252.0,210.66666666666666,111.66666666666667,90.66666666666667,118.66666666666667,112.33333333333333,114.33333333333333,113.33333333333333,119.33333333333333,110.33333333333333,112.33333333333333,109.33333333333333,105.33333333333333,103.33333333333333,103.33333333333333,103.33333333333333,103.33333333333333,103.33333333333333,100.33333333333333,100.33333333333333,99.33333333333333,98.33333333333333,97.0,96.0,95.0,95.0,94.0,93.33333333333333,93.0,91.33333333333333,92.0,90.33333333333333,90.0,89.33333333333333,93.0,92.33333333333333,92.0,91.33333333333333,91.0,89.33333333333333,89.0,88.33333333333333,88.0,87.33333333333333,88.0,87.33333333333333,88.0,87.33333333333333,88.0,87.33333333333333,85.0,84.33333333333333,86.0,87.33333333333333,92.0,98.33333333333333,108.0,113.33333333333333,111.66666666666667,111.66666666666667,110.66666666666667,109.66666666666667,108.66666666666667,106.66666666666667,104.66666666666667,103.66666666666667,100.66666666666667,96.66666666666667,94.66666666666667,94.66666666666667,95.66666666666667,92.66666666666667,85.66666666666667,78.66666666666667,77.66666666666667,78.66666666666667,87.66666666666667,74.66666666666667,76.33333333333333,78.33333333333333,84.33333333333333,140.66666666666666,143.66666666666666,74.66666666666667,70.0,186.0,214.0,177.66666666666666,119.66666666666667,90.66666666666667,127.66666666666667,135.66666666666666,148.66666666666666,139.33333333333334,121.33333333333333,129.33333333333334,128.33333333333334,98.66666666666667,83.66666666666667,132.66666666666666,157.66666666666666,152.66666666666666,146.66666666666666,136.66666666666666,136.66666666666666,153.66666666666666,146.66666666666666,147.33333333333334,148.33333333333334,150.33333333333334,151.33333333333334,152.33333333333334,143.66666666666666,147.66666666666666,146.66666666666666,140.66666666666666,136.66666666666666,137.0,137.66666666666666,135.66666666666666,136.66666666666666,136.66666666666666,140.66666666666666,137.66666666666666,111.66666666666667,76.33333333333333,61.666666666666664,67.0,58.0,78.66666666666667,136.66666666666666,210.66666666666666,189.33333333333334,140.33333333333334,173.0,202.0,195.66666666666666,200.66666666666666,229.33333333333334,167.33333333333334,98.33333333333333,81.33333333333333,65.0,84.66666666666667,80.66666666666667,96.66666666666667,92.66666666666667,68.0,150.66666666666666,237.66666666666666,249.66666666666666,203.33333333333334,110.33333333333333,92.66666666666667,111.0,115.66666666666667,127.0,110.33333333333333,120.33333333333333,114.33333333333333,107.33333333333333,106.0,106.66666666666667,108.33333333333333,105.0,99.0,99.0,103.0,102.0,97.33333333333333,101.33333333333333,98.0,95.0,95.0,91.66666666666667,97.0,91.33333333333333,91.0,92.33333333333333,94.0,98.33333333333333,103.0,107.33333333333333,110.0,109.33333333333333,108.0,106.33333333333333,105.0,103.33333333333333,101.0,99.33333333333333,98.0,93.33333333333333,93.0,93.33333333333333,94.0,96.33333333333333,98.0,101.33333333333333,103.0,101.33333333333333,99.0,97.33333333333333,96.0,97.33333333333333,100.0,103.33333333333333,105.0,111.0,110.0,109.0,108.0,107.0,106.0,105.0,105.0,99.0,98.0,96.0,94.0,90.0,86.0,83.0,80.66666666666667,75.66666666666667,82.0,87.33333333333333,79.66666666666667,83.33333333333333,82.66666666666667,89.33333333333333,135.66666666666666,140.66666666666666,93.66666666666667,58.0,139.33333333333334,227.0,123.0,81.0,95.66666666666667,118.66666666666667,114.33333333333333,104.33333333333333,95.66666666666667,101.66666666666667,117.33333333333333,129.33333333333334,131.33333333333334,138.33333333333334,141.33333333333334,145.66666666666666,146.66666666666666,147.33333333333334,150.33333333333334,157.0,161.33333333333334,144.33333333333334,143.66666666666666,144.66666666666666,145.66666666666666,147.66666666666666,148.66666666666666,141.66666666666666,145.66666666666666,146.66666666666666,140.66666666666666,136.66666666666666,136.66666666666666,135.66666666666666,132.66666666666666,141.66666666666666,128.66666666666666,132.66666666666666,147.66666666666666,132.66666666666666,91.66666666666667,66.66666666666667,68.33333333333333,70.0,63.666666666666664,109.66666666666667,200.66666666666666,202.33333333333334,149.33333333333334,165.0,197.0,174.66666666666666,179.66666666666666,248.0,233.0,232.0,216.0,158.0,100.0,71.66666666666667,73.66666666666667,84.66666666666667,71.0,158.66666666666666,241.66666666666666,244.66666666666666,212.33333333333334,104.33333333333333,87.33333333333333,120.33333333333333,125.0,117.0,110.33333333333333,108.66666666666667,108.66666666666667,122.0,114.0,103.0,100.33333333333333,107.33333333333333,110.0,106.33333333333333,104.33333333333333,101.0,100.66666666666667,104.33333333333333,102.0,102.0,103.66666666666667,101.66666666666667,108.0,101.33333333333333,101.0,100.0,101.0,104.0,107.0,110.0,113.0,112.0,112.0,110.0,109.0,107.0,106.0,105.0,104.0,102.0,101.0,101.0,100.0,101.0,102.0,104.0,105.0,103.0,101.0,99.0,99.0,99.0,102.0,105.0,107.0,112.0,112.0,111.0,110.0,108.0,107.0,106.0,105.0,109.0,104.0,99.0,95.0,94.0,90.0,85.0,80.66666666666667,85.33333333333333,79.0,81.33333333333333,86.66666666666667,101.33333333333333,99.33333333333333,100.33333333333333,145.66666666666666,151.0,90.66666666666667,52.666666666666664,115.0,224.33333333333334,139.0,70.0,63.666666666666664,65.0,79.33333333333333,95.66666666666667,109.66666666666667,124.33333333333333,140.33333333333334,148.0,149.0,145.0,144.0,143.66666666666666,143.66666666666666,146.33333333333334,148.0,148.0,148.0,145.33333333333334,144.66666666666666,145.66666666666666,146.66666666666666,147.66666666666666,149.66666666666666,141.66666666666666,145.66666666666666,146.66666666666666,140.66666666666666,136.66666666666666,135.66666666666666,134.66666666666666,131.66666666666666,139.66666666666666,131.66666666666666,133.66666666666666,144.66666666666666,143.66666666666666,118.66666666666667,83.66666666666667,61.333333333333336,72.0,58.666666666666664,95.66666666666667,186.66666666666666,207.33333333333334,159.33333333333334,159.0,188.0,202.66666666666666,170.66666666666666,231.0,234.0,251.0,241.0,199.0,136.0,98.66666666666667,81.33333333333333,86.66666666666667,93.0,181.66666666666666,241.66666666666666,236.66666666666666,210.33333333333334,114.33333333333333,89.33333333333333,112.33333333333333,123.0,103.0,122.33333333333333,123.33333333333333,125.66666666666667,94.66666666666667,100.0,92.0,83.33333333333333,90.33333333333333,93.66666666666667,88.33333333333333,85.66666666666667,96.33333333333333,105.66666666666667,105.66666666666667,108.33333333333333,116.0,112.0,106.0,106.0,110.33333333333333,108.66666666666667,107.66666666666667,107.66666666666667,108.66666666666667,110.66666666666667,112.66666666666667,113.66666666666667,112.66666666666667,112.66666666666667,111.66666666666667,110.66666666666667,110.66666666666667,109.66666666666667,108.66666666666667,108.66666666666667,108.66666666666667,107.66666666666667,106.66666666666667,105.66666666666667,104.66666666666667,104.66666666666667,104.66666666666667,104.66666666666667,104.66666666666667,103.66666666666667,101.66666666666667,101.66666666666667,101.66666666666667,104.66666666666667,106.66666666666667,108.66666666666667,114.66666666666667,113.66666666666667,112.66666666666667,110.66666666666667,108.66666666666667,107.66666666666667,105.66666666666667,105.66666666666667,102.66666666666667,97.66666666666667,93.66666666666667,95.66666666666667,100.66666666666667,103.66666666666667,101.66666666666667,98.33333333333333,104.33333333333333,97.0,98.66666666666667,97.66666666666667,98.33333333333333,85.33333333333333,91.33333333333333,147.66666666666666,163.0,99.66666666666667,55.666666666666664,91.0,211.33333333333334,180.33333333333334,103.0,98.66666666666667,114.0,131.33333333333334,150.66666666666666,160.66666666666666,161.33333333333334,155.33333333333334,147.0,139.0,144.0,141.0,141.66666666666666,145.66666666666666,152.33333333333334,156.0,154.0,151.0,142.33333333333334,141.66666666666666,142.66666666666666,143.66666666666666,145.66666666666666,146.66666666666666,145.66666666666666,148.66666666666666,146.66666666666666,139.66666666666666,135.66666666666666,136.66666666666666,136.66666666666666,135.66666666666666,132.66666666666666,146.66666666666666,143.66666666666666,130.66666666666666,135.66666666666666,142.66666666666666,109.66666666666667,61.333333333333336,63.0,62.666666666666664,96.66666666666667,171.66666666666666,204.33333333333334,167.33333333333334,154.0,181.0,206.66666666666666,164.66666666666666,216.0,240.0,221.0,171.0,145.0,132.0,124.66666666666667,97.33333333333333,72.66666666666667,112.0,207.66666666666666,238.33333333333334,242.33333333333334,203.66666666666666,104.33333333333333,93.33333333333333,103.33333333333333,146.0,125.0,133.33333333333334,130.33333333333334,108.33333333333333,119.66666666666667,156.0,167.66666666666666,159.33333333333334,165.33333333333334,169.66666666666666,167.33333333333334,170.66666666666666,153.66666666666666,152.66666666666666,121.33333333333333,109.66666666666667,119.33333333333333,114.33333333333333,110.0,108.0,112.33333333333333,110.66666666666667,110.66666666666667,109.66666666666667,110.66666666666667,111.66666666666667,112.66666666666667,113.66666666666667,110.66666666666667,110.66666666666667,110.66666666666667,109.66666666666667,109.66666666666667,109.66666666666667,108.66666666666667,108.66666666666667,109.66666666666667,108.66666666666667,107.66666666666667,106.66666666666667,105.66666666666667,104.66666666666667,104.66666666666667,104.66666666666667,105.66666666666667,104.66666666666667,103.66666666666667,102.66666666666667,103.66666666666667,104.66666666666667,106.66666666666667,108.66666666666667,115.66666666666667,114.66666666666667,113.66666666666667,111.66666666666667,109.66666666666667,107.66666666666667,105.66666666666667,105.66666666666667,101.66666666666667,98.66666666666667,94.66666666666667,93.66666666666667,95.66666666666667,96.66666666666667,97.66666666666667,97.33333333333333,102.66666666666667,98.66666666666667,99.66666666666667,93.33333333333333,97.33333333333333,93.33333333333333,106.33333333333333,163.66666666666666,161.66666666666666,115.66666666666667,62.666666666666664,78.66666666666667,175.0,223.33333333333334,156.0,178.0,145.0,153.33333333333334,162.33333333333334,166.66666666666666,163.33333333333334,155.33333333333334,144.0,137.0,140.0,140.0,141.33333333333334,146.66666666666666,151.33333333333334,154.33333333333334,154.0,151.0,142.33333333333334,142.66666666666666,143.66666666666666,144.66666666666666,145.66666666666666,146.66666666666666,150.66666666666666,150.66666666666666,146.66666666666666,137.66666666666666,134.66666666666666,137.66666666666666,141.66666666666666,142.66666666666666,133.66666666666666,149.66666666666666,145.66666666666666,127.66666666666667,131.66666666666666,148.66666666666666,130.66666666666666,91.33333333333333,72.0,57.666666666666664,79.66666666666667,156.66666666666666,211.33333333333334,176.33333333333334,144.0,178.0,198.66666666666666,175.66666666666666,203.0,238.0,184.0,143.0,122.0,141.0,144.0,119.33333333333333,64.0,128.0,227.0,229.0,252.33333333333334,202.66666666666666,106.33333333333333,108.66666666666667,94.33333333333333,150.0,127.33333333333333,112.33333333333333,131.33333333333334,109.33333333333333,128.66666666666666,179.0,194.66666666666666,188.0,210.66666666666666,230.33333333333334,228.66666666666666,229.33333333333334,240.0,219.0,139.33333333333334,102.66666666666667,112.66666666666667,111.33333333333333,117.33333333333333,117.33333333333333,110.33333333333333,110.33333333333333,110.33333333333333,111.33333333333333,112.33333333333333,113.33333333333333,114.33333333333333,115.33333333333333,109.33333333333333,109.33333333333333,109.33333333333333,109.33333333333333,109.33333333333333,109.33333333333333,109.33333333333333,109.33333333333333,107.33333333333333,107.33333333333333,107.33333333333333,107.33333333333333,107.33333333333333,106.33333333333333,106.33333333333333,106.33333333333333,104.33333333333333,104.33333333333333,103.33333333333333,102.33333333333333,103.33333333333333,104.33333333333333,105.33333333333333,106.33333333333333,113.33333333333333,113.33333333333333,111.33333333333333,110.33333333333333,108.33333333333333,106.33333333333333,105.33333333333333,104.33333333333333,101.33333333333333,102.33333333333333,102.33333333333333,101.33333333333333,101.33333333333333,103.33333333333333,107.33333333333333,111.33333333333333,103.0,102.0,101.0,92.33333333333333,103.66666666666667,109.33333333333333,115.33333333333333,158.66666666666666,156.66666666666666,126.66666666666667,60.666666666666664,74.66666666666667,129.0,237.0,168.33333333333334,190.0,144.0,140.33333333333334,140.33333333333334,144.66666666666666,151.33333333333334,152.33333333333334,148.0,144.0,139.0,142.0,144.33333333333334,143.66666666666666,141.33333333333334,138.33333333333334,139.0,139.0,146.33333333333334,145.66666666666666,146.66666666666666,147.66666666666666,148.66666666666666,149.66666666666666,150.66666666666666,150.66666666666666,146.66666666666666,138.66666666666666,135.66666666666666,139.66666666666666,144.66666666666666,146.66666666666666,141.66666666666666,138.66666666666666,136.66666666666666,138.66666666666666,140.66666666666666,140.66666666666666,136.66666666666666,134.33333333333334,101.0,58.666666666666664,57.666666666666664,137.66666666666666,221.33333333333334,189.33333333333334,136.0,175.0,201.66666666666666,194.66666666666666,174.0,190.0,151.0,160.0,147.0,164.0,205.0,186.33333333333334,123.0,172.66666666666666,242.66666666666666,223.0,249.66666666666666,199.66666666666666,103.33333333333333,109.0,98.33333333333333,152.0,146.33333333333334,112.33333333333333,130.33333333333334,130.0,108.0,149.0,140.66666666666666,128.0,173.66666666666666,211.33333333333334,203.66666666666666,194.0,246.0,230.0,138.33333333333334,101.33333333333333,116.33333333333333,111.66666666666667,115.33333333333333,109.66666666666667,111.33333333333333,111.33333333333333,112.33333333333333,113.33333333333333,115.33333333333333,116.33333333333333,116.33333333333333,117.33333333333333,112.33333333333333,112.33333333333333,112.33333333333333,111.33333333333333,111.33333333333333,111.33333333333333,111.33333333333333,111.33333333333333,107.33333333333333,108.33333333333333,109.33333333333333,110.33333333333333,110.33333333333333,110.33333333333333,109.33333333333333,109.33333333333333,104.33333333333333,104.33333333333333,103.33333333333333,103.33333333333333,103.33333333333333,103.33333333333333,104.33333333333333,104.33333333333333,110.33333333333333,109.33333333333333,108.33333333333333,107.33333333333333,106.33333333333333,105.33333333333333,104.33333333333333,104.33333333333333,103.33333333333333,102.33333333333333,100.33333333333333,96.33333333333333,94.33333333333333,92.33333333333333,92.33333333333333,93.33333333333333,84.0,96.0,109.33333333333333,102.66666666666667,98.33333333333333,94.33333333333333,108.66666666666667,168.66666666666666,167.66666666666666,137.66666666666666,64.66666666666667,77.66666666666667,104.66666666666667,231.0,160.33333333333334,145.33333333333334,158.0,148.0,142.0,146.33333333333334,152.66666666666666,153.33333333333334,148.0,145.0,136.0,140.0,144.33333333333334,142.33333333333334,137.66666666666666,136.33333333333334,139.0,141.33333333333334,141.66666666666666,141.66666666666666,142.66666666666666,143.66666666666666,144.66666666666666,145.66666666666666,144.66666666666666,147.66666666666666,145.66666666666666,140.66666666666666,138.66666666666666,141.66666666666666,144.66666666666666,144.66666666666666,142.66666666666666,133.66666666666666,134.66666666666666,143.66666666666666,142.66666666666666,132.66666666666666,134.66666666666666,146.33333333333334,127.0,94.66666666666667,74.66666666666667,118.66666666666667,209.33333333333334,204.33333333333334,142.0,166.0,184.66666666666666,195.66666666666666,167.0,168.0,157.0,167.0,161.0,180.0,251.66666666666666,242.0,210.66666666666666,218.0,250.33333333333334,228.33333333333334,239.33333333333334,217.33333333333334,108.33333333333333,89.0,108.33333333333333,157.0,191.66666666666666,148.33333333333334,109.66666666666667,116.33333333333333,128.66666666666666,165.66666666666666,144.66666666666666,123.0,178.33333333333334,227.66666666666666,221.66666666666666,208.0,221.66666666666666,220.33333333333334,134.0,103.0,122.0,111.66666666666667,111.66666666666667,104.33333333333333,111.33333333333333,112.33333333333333,113.33333333333333,114.33333333333333,115.33333333333333,115.33333333333333,115.33333333333333,115.33333333333333,114.33333333333333,113.33333333333333,113.33333333333333,112.33333333333333,112.33333333333333,111.33333333333333,111.33333333333333,111.33333333333333,108.33333333333333,109.33333333333333,110.33333333333333,111.33333333333333,111.33333333333333,110.33333333333333,109.33333333333333,108.33333333333333,105.33333333333333,104.33333333333333,104.33333333333333,104.33333333333333,104.33333333333333,104.33333333333333,104.33333333333333,104.33333333333333,106.33333333333333,105.33333333333333,105.33333333333333,105.33333333333333,104.33333333333333,104.33333333333333,103.33333333333333,103.33333333333333,111.33333333333333,104.33333333333333,98.33333333333333,98.33333333333333,102.33333333333333,102.33333333333333,97.33333333333333,90.33333333333333,99.33333333333333,89.66666666666667,95.66666666666667,101.0,100.33333333333333,88.33333333333333,111.0,190.0,186.0,148.0,82.0,76.66666666666667,99.66666666666667,223.66666666666666,191.66666666666666,149.33333333333334,148.0,139.0,136.0,142.33333333333334,149.66666666666666,152.33333333333334,153.0,156.0,139.0,139.0,140.33333333333334,140.33333333333334,141.66666666666666,142.66666666666666,145.33333333333334,146.33333333333334,138.66666666666666,138.66666666666666,139.66666666666666,140.66666666666666,142.66666666666666,143.66666666666666,138.66666666666666,143.66666666666666,145.66666666666666,142.66666666666666,140.66666666666666,143.66666666666666,143.66666666666666,141.66666666666666,134.66666666666666,137.66666666666666,139.66666666666666,138.66666666666666,134.66666666666666,132.66666666666666,132.66666666666666,133.33333333333334,135.0,140.66666666666666,113.66666666666667,105.66666666666667,186.33333333333334,213.33333333333334,155.0,157.0,193.66666666666666,202.66666666666666,174.0,159.0,158.0,149.0,177.0,233.0,238.33333333333334,237.0,250.0,231.0,245.33333333333334,239.33333333333334,238.66666666666666,250.66666666666666,181.0,95.0,90.33333333333333,101.0,172.66666666666666,157.33333333333334,95.0,123.66666666666667,115.66666666666667,165.66666666666666,151.0,129.0,185.33333333333334,240.66666666666666,242.66666666666666,236.66666666666666,241.66666666666666,242.0,144.0,103.0,117.33333333333333,106.33333333333333,118.66666666666667,118.66666666666667,110.66666666666667,111.33333333333333,112.33333333333333,112.33333333333333,112.33333333333333,112.33333333333333,111.33333333333333,111.33333333333333,113.33333333333333,113.33333333333333,112.33333333333333,111.33333333333333,110.33333333333333,110.33333333333333,109.33333333333333,109.33333333333333,108.33333333333333,109.33333333333333,109.33333333333333,110.33333333333333,109.33333333333333,108.33333333333333,106.33333333333333,105.33333333333333,105.33333333333333,105.33333333333333,105.33333333333333,105.33333333333333,105.33333333333333,105.33333333333333,105.33333333333333,105.33333333333333,103.33333333333333,103.33333333333333,103.33333333333333,103.33333333333333,103.33333333333333,103.33333333333333,103.33333333333333,103.33333333333333,100.33333333333333,99.33333333333333,108.33333333333333,136.33333333333334,173.33333333333334,199.33333333333334,207.33333333333334,204.33333333333334,202.66666666666666,129.0,85.0,93.33333333333333,112.33333333333333,92.33333333333333,88.0,149.0,194.0,149.0,95.0,69.0,96.66666666666667,219.66666666666666,241.66666666666666,198.0,157.66666666666666,148.0,143.0,146.0,148.33333333333334,148.33333333333334,155.33333333333334,163.0,148.0,143.0,138.33333333333334,136.33333333333334,138.66666666666666,138.66666666666666,137.33333333333334,134.33333333333334,143.66666666666666,144.66666666666666,144.66666666666666,146.66666666666666,147.66666666666666,148.66666666666666,138.66666666666666,141.66666666666666,145.66666666666666,148.66666666666666,148.66666666666666,146.66666666666666,142.66666666666666,139.66666666666666,135.66666666666666,137.66666666666666,139.66666666666666,140.66666666666666,139.66666666666666,138.66666666666666,138.66666666666666,138.33333333333334,136.0,131.66666666666666,129.66666666666666,111.66666666666667,170.33333333333334,217.33333333333334,167.0,155.0,180.66666666666666,203.66666666666666,189.0,150.0,148.0,183.0,219.0,240.66666666666666,239.0,239.66666666666666,239.66666666666666,239.66666666666666,239.66666666666666,239.66666666666666,240.0,240.0,223.0,116.0,83.33333333333333,105.0,90.66666666666667,92.33333333333333,120.33333333333333,122.0,116.0,127.0,127.66666666666667,117.33333333333333,123.33333333333333,146.33333333333334,160.66666666666666,158.66666666666666,177.66666666666666,158.0,131.33333333333334,115.0,110.33333333333333,112.66666666666667,115.66666666666667,116.66666666666667,116.66666666666667,116.33333333333333,113.33333333333333,111.33333333333333,110.33333333333333,109.33333333333333,109.33333333333333,110.33333333333333,113.33333333333333,113.33333333333333,113.33333333333333,112.33333333333333,112.33333333333333,112.33333333333333,112.33333333333333,111.33333333333333,105.33333333333333,106.33333333333333,106.33333333333333,106.33333333333333,106.33333333333333,105.33333333333333,104.33333333333333,103.33333333333333,106.33333333333333,107.33333333333333,107.33333333333333,107.33333333333333,107.33333333333333,106.33333333333333,105.33333333333333,104.33333333333333,100.33333333333333,101.33333333333333,101.33333333333333,102.33333333333333,103.33333333333333,104.33333333333333,104.33333333333333,105.33333333333333,111.33333333333333,98.33333333333333,91.33333333333333,134.33333333333334,241.33333333333334,233.33333333333334,208.33333333333334,220.33333333333334,231.33333333333334,175.33333333333334,81.33333333333333,90.33333333333333,95.33333333333333,94.0,87.33333333333333,89.33333333333333,94.33333333333333,72.33333333333333,83.0,76.0,100.0,226.0,238.0,207.0,208.66666666666666,128.0,136.0,155.0,146.33333333333334,154.33333333333334,143.33333333333334,131.0,135.0,139.0,143.0,141.0,136.33333333333334,135.33333333333334,138.66666666666666,143.66666666666666,137.66666666666666,141.66666666666666,138.66666666666666,130.66666666666666,131.66666666666666,138.66666666666666,133.66666666666666,136.66666666666666,140.66666666666666,144.66666666666666,144.66666666666666,142.66666666666666,139.66666666666666,136.66666666666666,136.66666666666666,137.66666666666666,136.66666666666666,136.66666666666666,136.66666666666666,136.66666666666666,138.66666666666666,140.33333333333334,139.0,131.66666666666666,118.66666666666667,92.66666666666667,154.33333333333334,217.33333333333334,174.0,149.0,173.66666666666666,202.66666666666666,186.0,154.0,173.0,211.0,230.0,241.66666666666666,239.66666666666666,239.66666666666666,239.66666666666666,239.66666666666666,240.0,240.0,240.0,240.0,222.0,128.0,96.33333333333333,117.33333333333333,101.0,83.66666666666667,97.66666666666667,109.33333333333333,117.66666666666667,124.66666666666667,124.0,114.0,107.33333333333333,104.66666666666667,96.33333333333333,84.66666666666667,90.0,93.0,99.0,108.0,116.66666666666667,116.66666666666667,110.66666666666667,104.66666666666667,110.33333333333333,109.33333333333333,109.33333333333333,109.33333333333333,111.33333333333333,113.33333333333333,115.33333333333333,116.33333333333333,108.33333333333333,107.33333333333333,107.33333333333333,106.33333333333333,105.33333333333333,104.33333333333333,104.33333333333333,103.33333333333333,110.33333333333333,110.33333333333333,110.33333333333333,111.33333333333333,110.33333333333333,109.33333333333333,108.33333333333333,108.33333333333333,103.33333333333333,103.33333333333333,104.33333333333333,104.33333333333333,104.33333333333333,104.33333333333333,103.33333333333333,103.33333333333333,110.33333333333333,110.33333333333333,109.33333333333333,107.33333333333333,106.33333333333333,105.33333333333333,104.33333333333333,104.33333333333333,99.33333333333333,98.33333333333333,96.33333333333333,119.33333333333333,204.33333333333334,217.33333333333334,214.33333333333334,222.66666666666666,222.33333333333334,181.33333333333334,100.33333333333333,98.33333333333333,92.0,87.0,83.33333333333333,89.33333333333333,83.33333333333333,72.33333333333333,99.0,81.0,100.0,223.0,248.0,206.66666666666666,212.0,175.66666666666666,133.0,136.0,153.33333333333334,151.66666666666666,146.33333333333334,146.0,139.0,141.0,142.0,140.0,138.33333333333334,137.33333333333334,140.66666666666666,144.66666666666666,141.66666666666666,142.66666666666666,140.66666666666666,137.66666666666666,139.66666666666666,143.66666666666666,131.66666666666666,134.66666666666666,138.66666666666666,142.66666666666666,143.66666666666666,141.66666666666666,139.66666666666666,137.66666666666666,141.66666666666666,139.66666666666666,136.66666666666666,134.66666666666666,133.66666666666666,134.66666666666666,136.66666666666666,137.33333333333334,141.0,132.66666666666666,108.66666666666667,71.66666666666667,131.33333333333334,214.33333333333334,187.0,143.0,164.66666666666666,202.66666666666666,182.0,155.0,199.0,238.0,236.0,234.66666666666666,239.66666666666666,239.66666666666666,240.33333333333334,239.66666666666666,240.33333333333334,240.33333333333334,240.33333333333334,240.33333333333334,254.0,185.33333333333334,116.33333333333333,87.33333333333333,95.33333333333333,119.0,114.0,81.0,91.66666666666667,92.66666666666667,94.0,100.0,107.66666666666667,116.33333333333333,124.66666666666667,129.33333333333334,122.33333333333333,119.66666666666667,116.66666666666667,113.66666666666667,114.0,114.33333333333333,116.33333333333333,117.0,105.33333333333333,104.66666666666667,103.66666666666667,101.66666666666667,101.66666666666667,101.66666666666667,101.66666666666667,101.66666666666667,111.66666666666667,111.66666666666667,110.66666666666667,109.66666666666667,108.66666666666667,107.66666666666667,107.66666666666667,106.66666666666667,104.66666666666667,104.66666666666667,104.66666666666667,105.66666666666667,104.66666666666667,103.66666666666667,102.66666666666667,102.66666666666667,105.66666666666667,105.66666666666667,104.66666666666667,104.66666666666667,104.66666666666667,105.66666666666667,106.66666666666667,106.66666666666667,93.66666666666667,93.66666666666667,94.66666666666667,94.66666666666667,95.66666666666667,96.66666666666667,97.66666666666667,97.66666666666667,108.66666666666667,112.66666666666667,105.66666666666667,91.66666666666667,120.66666666666667,129.66666666666666,128.66666666666666,118.66666666666667,112.33333333333333,108.33333333333333,76.33333333333333,85.33333333333333,85.33333333333333,81.33333333333333,78.33333333333333,85.33333333333333,79.33333333333333,78.33333333333333,87.33333333333333,70.33333333333333,149.33333333333334,251.33333333333334,250.33333333333334,206.66666666666666,210.0,225.66666666666666,145.0,124.0,162.33333333333334,149.66666666666666,145.33333333333334,157.0,145.0,143.33333333333334,140.33333333333334,138.33333333333334,139.0,141.0,143.33333333333334,145.33333333333334,141.66666666666666,137.66666666666666,136.66666666666666,140.66666666666666,143.66666666666666,142.66666666666666,134.66666666666666,136.66666666666666,140.66666666666666,144.66666666666666,145.66666666666666,144.66666666666666,143.66666666666666,141.66666666666666,145.66666666666666,142.66666666666666,139.66666666666666,137.66666666666666,136.66666666666666,134.66666666666666,133.66666666666666,131.33333333333334,139.0,135.66666666666666,109.66666666666667,64.66666666666667,109.33333333333333,205.33333333333334,200.0,145.0,156.66666666666666,201.66666666666666,177.0,152.0,208.0,246.0,230.0,223.66666666666666,240.0,240.33333333333334,240.33333333333334,240.33333333333334,240.33333333333334,240.33333333333334,240.33333333333334,240.33333333333334,240.33333333333334,247.33333333333334,205.33333333333334,125.33333333333333,78.33333333333333,80.33333333333333,92.33333333333333,95.33333333333333,99.0,96.66666666666667,101.0,105.33333333333333,100.66666666666667,89.33333333333333,85.66666666666667,90.66666666666667,102.66666666666667,106.66666666666667,112.0,114.0,112.33333333333333,111.33333333333333,112.33333333333333,113.66666666666667,115.0,114.0,113.0,111.0,110.0,109.0,108.0,107.0,99.0,99.0,98.0,98.0,98.0,98.0,98.0,97.0,103.0,104.0,104.0,104.0,104.0,103.0,102.0,101.0,95.0,94.0,93.0,91.0,91.0,91.0,92.0,92.0,98.0,99.0,100.0,101.0,102.0,103.0,104.0,105.0,101.0,106.0,106.0,90.0,84.0,88.0,86.0,67.33333333333333,68.33333333333333,81.33333333333333,79.33333333333333,84.33333333333333,85.33333333333333,79.33333333333333,73.33333333333333,77.33333333333333,76.33333333333333,95.33333333333333,88.33333333333333,77.33333333333333,190.33333333333334,241.33333333333334,231.33333333333334,246.66666666666666,210.66666666666666,244.33333333333334,179.66666666666666,134.0,157.0,149.66666666666666,141.66666666666666,156.0,151.0,145.33333333333334,140.33333333333334,138.33333333333334,140.0,143.0,146.33333333333334,147.33333333333334,143.66666666666666,136.66666666666666,135.66666666666666,144.66666666666666,146.66666666666666,140.66666666666666,136.66666666666666,139.66666666666666,142.66666666666666,145.66666666666666,147.66666666666666,146.66666666666666,145.66666666666666,144.66666666666666,141.66666666666666,140.66666666666666,140.66666666666666,141.66666666666666,142.66666666666666,140.66666666666666,135.66666666666666,132.33333333333334,135.0,138.66666666666666,121.66666666666667,73.66666666666667,95.33333333333333,189.33333333333334,209.0,156.0,149.66666666666666,194.66666666666666,172.0,148.0,202.0,238.0,224.0,223.66666666666666,240.0,241.0,241.0,241.0,240.0,240.0,240.0,240.0,225.0,250.0,251.33333333333334,213.33333333333334,146.0,78.0,59.0,83.33333333333333,80.0,74.66666666666667,76.0,81.33333333333333,79.66666666666667,75.33333333333333,83.33333333333333,97.0,77.0,81.0,85.33333333333333,86.33333333333333,88.0,91.0,98.33333333333333,104.33333333333333,100.33333333333333,100.0,102.0,103.0,105.0,106.0,107.0,107.0,110.0,110.0,111.0,111.0,112.0,113.0,113.0,113.0,109.0,110.0,110.0,110.0,110.0,109.0,108.0,107.0,113.0,112.0,111.0,109.0,108.0,107.0,106.0,106.0,106.0,105.0,103.0,101.0,98.0,96.0,94.0,93.0,85.0,84.0,90.0,94.0,84.0,89.0,91.0,80.66666666666667,85.33333333333333,89.0,88.66666666666667,75.0,80.0,80.0,81.33333333333333,91.33333333333333,97.33333333333333,77.33333333333333,81.33333333333333,119.33333333333333,221.33333333333334,240.33333333333334,231.33333333333334,244.33333333333334,221.66666666666666,235.33333333333334,218.66666666666666,158.0,138.0,146.66666666666666,140.66666666666666,153.0,152.0,147.33333333333334,141.33333333333334,138.33333333333334,140.0,143.0,146.0,147.33333333333334,150.66666666666666,142.66666666666666,141.66666666666666,148.66666666666666,149.66666666666666,144.66666666666666,138.66666666666666,139.66666666666666,142.66666666666666,145.66666666666666,146.66666666666666,145.66666666666666,144.66666666666666,143.66666666666666,136.66666666666666,136.66666666666666,137.66666666666666,142.66666666666666,146.66666666666666,146.66666666666666,141.66666666666666,136.33333333333334,133.0,139.66666666666666,132.66666666666666,89.66666666666667,85.33333333333333,168.33333333333334,213.0,170.0,144.66666666666666,181.66666666666666,166.0,148.0,192.0,227.0,226.0,231.66666666666666,240.33333333333334,241.0,241.0,241.0,240.0,240.0,240.0,240.0,247.0,238.0,231.33333333333334,240.33333333333334,241.0,197.0,127.0,84.33333333333333,94.0,84.0,78.0,79.33333333333333,78.66666666666667,75.66666666666667,77.66666666666667,84.66666666666667,107.66666666666667,103.66666666666667,95.0,84.66666666666667,78.33333333333333,80.0,87.0,94.0,81.33333333333333,82.33333333333333,83.33333333333333,85.33333333333333,85.33333333333333,85.33333333333333,85.33333333333333,85.33333333333333,87.33333333333333,87.33333333333333,88.33333333333333,88.33333333333333,89.33333333333333,90.33333333333333,90.33333333333333,90.33333333333333,97.33333333333333,98.33333333333333,98.33333333333333,98.33333333333333,98.33333333333333,97.33333333333333,96.33333333333333,95.33333333333333,88.33333333333333,88.33333333333333,88.33333333333333,87.33333333333333,86.33333333333333,84.33333333333333,82.33333333333333,81.33333333333333,84.33333333333333,83.33333333333333,82.33333333333333,81.33333333333333,80.33333333333333,78.33333333333333,77.33333333333333,77.33333333333333,86.33333333333333,77.33333333333333,72.33333333333333,84.33333333333333,73.33333333333333,80.33333333333333,79.33333333333333,80.0,77.66666666666667,73.66666666666667,83.66666666666667,69.66666666666667,85.0,84.0,83.33333333333333,95.33333333333333,80.33333333333333,57.333333333333336,124.33333333333333,210.33333333333334,245.33333333333334,245.33333333333334,247.33333333333334,223.33333333333334,237.66666666666666,226.33333333333334,242.33333333333334,185.0,127.0,140.33333333333334,144.66666666666666,149.0,150.0,146.33333333333334,142.33333333333334,138.33333333333334,138.0,140.0,144.0,147.0,148.66666666666666,143.66666666666666,140.66666666666666,142.66666666666666,144.66666666666666,143.66666666666666,140.66666666666666,141.66666666666666,143.66666666666666,145.66666666666666,146.66666666666666,145.66666666666666,144.66666666666666,143.66666666666666,137.66666666666666,136.66666666666666,136.66666666666666,139.66666666666666,144.66666666666666,145.66666666666666,140.66666666666666,136.33333333333334,134.0,136.66666666666666,135.66666666666666,100.66666666666667,79.33333333333333,149.33333333333334,212.0,181.0,145.66666666666666,168.66666666666666,159.0,149.0,182.0,215.0,226.0,234.66666666666666,240.33333333333334,241.0,240.33333333333334,240.33333333333334,240.33333333333334,240.33333333333334,240.33333333333334,240.33333333333334,241.0,244.0,242.33333333333334,241.33333333333334,250.0,253.0,220.0,177.0,115.0,104.0,96.0,99.33333333333333,104.0,98.66666666666667,80.66666666666667,65.33333333333333,77.66666666666667,84.66666666666667,94.0,99.0,98.33333333333333,92.0,83.66666666666667,78.33333333333333,89.33333333333333,89.33333333333333,90.33333333333333,89.33333333333333,88.33333333333333,86.33333333333333,84.33333333333333,83.33333333333333,84.33333333333333,84.33333333333333,83.33333333333333,83.33333333333333,82.33333333333333,82.33333333333333,81.33333333333333,81.33333333333333,76.33333333333333,76.33333333333333,77.33333333333333,77.33333333333333,77.33333333333333,76.33333333333333,75.33333333333333,74.33333333333333,77.33333333333333,79.33333333333333,81.33333333333333,83.33333333333333,82.33333333333333,80.33333333333333,78.33333333333333,76.33333333333333,74.33333333333333,75.33333333333333,76.33333333333333,78.33333333333333,80.33333333333333,82.33333333333333,83.33333333333333,84.33333333333333,81.33333333333333,81.33333333333333,70.33333333333333,82.33333333333333,76.33333333333333,92.33333333333333,87.33333333333333,93.0,90.66666666666667,80.66666666666667,99.66666666666667,85.66666666666667,100.66666666666667,86.66666666666667,74.33333333333333,86.33333333333333,79.33333333333333,137.33333333333334,220.33333333333334,252.66666666666666,238.66666666666666,225.66666666666666,240.66666666666666,246.33333333333334,241.66666666666666,232.33333333333334,247.33333333333334,214.0,146.0,134.33333333333334,148.66666666666666,139.0,146.0,145.33333333333334,143.33333333333334,139.33333333333334,135.33333333333334,136.33333333333334,141.0,146.0,141.66666666666666,141.66666666666666,137.66666666666666,134.66666666666666,136.66666666666666,142.66666666666666,143.66666666666666,144.66666666666666,146.66666666666666,147.66666666666666,147.66666666666666,146.66666666666666,145.66666666666666,144.66666666666666,144.66666666666666,140.66666666666666,136.66666666666666,137.66666666666666,140.66666666666666,140.66666666666666,136.66666666666666,131.66666666666666,136.33333333333334,134.0,135.0,105.66666666666667,75.66666666666667,137.66666666666666,208.66666666666666,186.33333333333334,150.0,160.66666666666666,153.66666666666666,148.33333333333334,174.33333333333334,205.33333333333334,222.0,230.0,239.66666666666666,240.33333333333334,240.0,240.0,240.0,240.33333333333334,240.33333333333334,240.33333333333334,240.0,235.0,241.33333333333334,245.33333333333334,233.0,229.0,241.0,251.0,233.0,185.0,122.33333333333333,86.33333333333333,86.0,99.66666666666667,103.66666666666667,97.66666666666667,73.66666666666667,74.0,74.0,76.33333333333333,80.33333333333333,86.0,90.66666666666667,93.33333333333333,81.0,82.33333333333333,84.33333333333333,87.33333333333333,88.33333333333333,89.33333333333333,89.33333333333333,88.33333333333333,78.33333333333333,77.33333333333333,76.33333333333333,75.33333333333333,73.33333333333333,71.33333333333333,70.33333333333333,69.33333333333333,70.33333333333333,70.33333333333333,70.33333333333333,70.33333333333333,70.33333333333333,69.33333333333333,68.33333333333333,68.33333333333333,70.33333333333333,72.33333333333333,76.33333333333333,80.33333333333333,81.33333333333333,79.33333333333333,76.33333333333333,74.33333333333333,76.33333333333333,76.33333333333333,76.33333333333333,77.33333333333333,77.33333333333333,77.33333333333333,78.33333333333333,78.33333333333333,75.33333333333333,89.33333333333333,76.33333333333333,82.33333333333333,76.33333333333333,93.33333333333333,78.33333333333333,81.0,92.66666666666667,74.66666666666667,93.66666666666667,75.66666666666667,95.66666666666667,85.66666666666667,82.33333333333333,104.33333333333333,182.33333333333334,252.66666666666666,236.33333333333334,225.33333333333334,242.0,253.0,228.0,242.0,236.0,241.66666666666666,243.0,237.66666666666666,174.0,133.33333333333334,150.66666666666666,126.33333333333333,143.0,144.33333333333334,144.33333333333334,139.33333333333334,134.33333333333334,134.0,139.0,145.33333333333334,140.66666666666666,143.66666666666666,139.66666666666666,132.66666666666666,135.66666666666666,147.66666666666666,138.66666666666666,136.66666666666666,138.66666666666666,145.66666666666666,149.66666666666666,147.66666666666666,145.66666666666666,146.66666666666666,141.66666666666666,135.66666666666666,131.66666666666666,133.66666666666666,139.66666666666666,141.66666666666666,136.66666666666666,130.66666666666666,134.66666666666666,128.66666666666666,140.33333333333334,137.33333333333334,84.33333333333333,112.33333333333333,203.33333333333334,201.33333333333334,153.66666666666666,148.33333333333334,147.33333333333334,177.33333333333334,184.33333333333334,195.33333333333334,230.66666666666666,221.33333333333334,236.0,239.0,240.66666666666666,240.66666666666666,238.66666666666666,239.33333333333334,240.33333333333334,242.33333333333334,241.0,241.0,240.33333333333334,240.33333333333334,239.66666666666666,239.66666666666666,239.66666666666666,240.0,240.33333333333334,247.33333333333334,239.33333333333334,199.33333333333334,142.33333333333334,99.0,86.0,90.0,89.0,92.33333333333333,94.33333333333333,94.33333333333333,91.33333333333333,88.33333333333333,87.0,87.0,84.33333333333333,75.33333333333333,70.33333333333333,77.33333333333333,90.33333333333333,97.33333333333333,92.33333333333333,83.33333333333333,77.33333333333333,77.33333333333333,77.33333333333333,77.33333333333333,77.33333333333333,77.33333333333333,77.33333333333333,77.33333333333333,76.33333333333333,76.33333333333333,76.33333333333333,76.33333333333333,76.33333333333333,77.33333333333333,77.33333333333333,77.33333333333333,73.33333333333333,68.33333333333333,64.33333333333333,65.33333333333333,70.33333333333333,74.33333333333333,73.33333333333333,71.33333333333333,70.33333333333333,70.33333333333333,71.33333333333333,73.33333333333333,76.33333333333333,79.33333333333333,82.33333333333333,83.33333333333333,80.33333333333333,84.33333333333333,87.33333333333333,89.33333333333333,87.33333333333333,86.33333333333333,85.33333333333333,85.33333333333333,87.33333333333333,92.66666666666667,90.33333333333333,74.66666666666667,71.33333333333333,107.33333333333333,178.33333333333334,237.33333333333334,240.33333333333334,240.33333333333334,240.33333333333334,240.33333333333334,240.33333333333334,240.0,240.33333333333334,240.33333333333334,237.33333333333334,237.33333333333334,242.66666666666666,245.0,213.66666666666666,134.66666666666666,147.33333333333334,150.0,145.0,146.0,146.0,145.0,142.0,140.33333333333334,140.66666666666666,142.33333333333334,137.33333333333334,135.33333333333334,134.33333333333334,131.33333333333334,130.33333333333334,131.33333333333334,143.66666666666666,140.66666666666666,141.66666666666666,147.66666666666666,149.66666666666666,147.66666666666666,146.66666666666666,147.66666666666666,139.66666666666666,138.66666666666666,137.66666666666666,136.66666666666666,136.66666666666666,136.66666666666666,136.66666666666666,135.66666666666666,139.0,132.0,141.66666666666666,136.66666666666666,83.33333333333333,102.33333333333333,191.33333333333334,207.33333333333334,158.33333333333334,145.33333333333334,144.66666666666666,178.66666666666666,186.66666666666666,193.66666666666666,226.33333333333334,221.66666666666666,235.66666666666666,237.0,240.0,240.0,239.66666666666666,238.66666666666666,240.33333333333334,242.33333333333334,241.0,241.0,240.33333333333334,240.33333333333334,239.66666666666666,239.66666666666666,239.66666666666666,239.66666666666666,236.33333333333334,238.33333333333334,246.33333333333334,254.0,252.33333333333334,228.33333333333334,189.33333333333334,159.33333333333334,115.33333333333333,104.33333333333333,90.33333333333333,81.33333333333333,80.33333333333333,85.33333333333333,91.33333333333333,95.33333333333333,99.33333333333333,102.33333333333333,103.33333333333333,101.33333333333333,96.33333333333333,94.33333333333333,95.33333333333333,97.33333333333333,100.33333333333333,99.33333333333333,97.33333333333333,94.33333333333333,92.33333333333333,89.33333333333333,87.33333333333333,86.33333333333333,91.33333333333333,91.33333333333333,91.33333333333333,90.33333333333333,90.33333333333333,90.33333333333333,90.33333333333333,90.33333333333333,92.33333333333333,87.33333333333333,81.33333333333333,80.33333333333333,83.33333333333333,85.33333333333333,83.33333333333333,80.33333333333333,81.33333333333333,81.33333333333333,81.33333333333333,81.33333333333333,81.33333333333333,81.33333333333333,81.33333333333333,80.33333333333333,83.33333333333333,83.33333333333333,83.33333333333333,82.33333333333333,82.33333333333333,84.33333333333333,89.33333333333333,93.33333333333333,73.33333333333333,72.33333333333333,90.33333333333333,137.33333333333334,196.33333333333334,236.33333333333334,242.33333333333334,234.33333333333334,240.33333333333334,240.33333333333334,240.33333333333334,240.33333333333334,240.33333333333334,240.33333333333334,240.33333333333334,240.33333333333334,240.33333333333334,243.0,239.33333333333334,245.66666666666666,233.33333333333334,160.66666666666666,137.33333333333334,156.66666666666666,156.0,153.0,147.0,141.0,137.33333333333334,139.33333333333334,145.33333333333334,149.33333333333334,144.33333333333334,139.33333333333334,134.33333333333334,134.33333333333334,139.33333333333334,145.33333333333334,145.66666666666666,141.66666666666666,141.66666666666666,145.66666666666666,148.66666666666666,146.66666666666666,146.66666666666666,147.66666666666666,138.66666666666666,142.66666666666666,143.66666666666666,139.66666666666666,133.66666666666666,131.66666666666666,135.66666666666666,141.66666666666666,142.0,135.0,142.66666666666666,138.66666666666666,87.33333333333333,90.33333333333333,171.33333333333334,214.33333333333334,166.33333333333334,142.33333333333334,142.66666666666666,180.66666666666666,189.66666666666666,193.66666666666666,220.33333333333334,223.66666666666666,233.66666666666666,236.0,240.0,240.0,239.66666666666666,238.66666666666666,240.33333333333334,241.33333333333334,241.0,241.0,240.33333333333334,240.33333333333334,239.66666666666666,239.66666666666666,239.66666666666666,239.66666666666666,241.33333333333334,236.33333333333334,232.33333333333334,236.33333333333334,244.33333333333334,249.33333333333334,247.33333333333334,243.33333333333334,237.33333333333334,219.33333333333334,191.33333333333334,164.33333333333334,140.33333333333334,116.33333333333333,93.33333333333333,78.33333333333333,81.33333333333333,76.33333333333333,74.33333333333333,80.33333333333333,91.33333333333333,97.33333333333333,95.33333333333333,91.33333333333333,92.33333333333333,93.33333333333333,96.33333333333333,99.33333333333333,103.33333333333333,106.33333333333333,109.33333333333333,110.33333333333333,104.33333333333333,104.33333333333333,103.33333333333333,102.33333333333333,102.33333333333333,101.33333333333333,101.33333333333333,100.33333333333333,101.33333333333333,96.33333333333333,92.33333333333333,91.33333333333333,92.33333333333333,93.33333333333333,92.33333333333333,89.33333333333333,96.33333333333333,94.33333333333333,92.33333333333333,87.33333333333333,82.33333333333333,76.33333333333333,70.33333333333333,67.33333333333333,64.33333333333333,64.33333333333333,66.33333333333333,69.33333333333333,77.33333333333333,90.33333333333333,105.33333333333333,115.33333333333333,164.33333333333334,187.33333333333334,218.33333333333334,242.33333333333334,251.33333333333334,250.33333333333334,246.33333333333334,244.33333333333334,240.33333333333334,240.33333333333334,240.33333333333334,240.33333333333334,240.33333333333334,240.33333333333334,240.33333333333334,240.33333333333334,238.33333333333334,242.0,232.33333333333334,240.66666666666666,246.0,195.0,128.66666666666666,148.66666666666666,151.0,149.0,144.0,138.0,135.33333333333334,135.33333333333334,139.33333333333334,143.33333333333334,149.33333333333334,141.33333333333334,134.33333333333334,135.33333333333334,143.33333333333334,151.33333333333334,142.66666666666666,137.66666666666666,137.66666666666666,141.66666666666666,144.66666666666666,144.66666666666666,144.66666666666666,147.66666666666666,140.66666666666666,143.66666666666666,145.66666666666666,140.66666666666666,134.66666666666666,132.66666666666666,136.66666666666666,142.66666666666666,139.0,134.0,142.66666666666666,140.66666666666666,98.33333333333333,85.33333333333333,147.33333333333334,215.33333333333334,178.33333333333334,140.33333333333334,142.66666666666666,180.66666666666666,191.66666666666666,194.66666666666666,214.33333333333334,223.66666666666666,232.66666666666666,235.0,239.0,240.0,239.66666666666666,238.66666666666666,240.33333333333334,241.33333333333334,241.0,241.0,240.33333333333334,240.33333333333334,239.66666666666666,239.66666666666666,239.66666666666666,239.66666666666666,235.33333333333334,242.33333333333334,246.33333333333334,241.33333333333334,232.33333333333334,231.33333333333334,242.33333333333334,253.33333333333334,246.33333333333334,246.33333333333334,249.33333333333334,252.33333333333334,253.33333333333334,246.33333333333334,233.33333333333334,223.33333333333334,203.33333333333334,187.33333333333334,168.33333333333334,158.33333333333334,153.33333333333334,143.33333333333334,124.33333333333333,108.33333333333333,103.33333333333333,101.33333333333333,97.33333333333333,91.33333333333333,86.33333333333333,80.33333333333333,76.33333333333333,74.33333333333333,88.33333333333333,87.33333333333333,87.33333333333333,86.33333333333333,85.33333333333333,84.33333333333333,83.33333333333333,82.33333333333333,81.33333333333333,79.33333333333333,77.33333333333333,78.33333333333333,81.33333333333333,83.33333333333333,83.33333333333333,82.33333333333333,77.33333333333333,81.33333333333333,87.33333333333333,95.33333333333333,101.33333333333333,105.33333333333333,108.33333333333333,109.33333333333333,126.33333333333333,133.33333333333334,145.33333333333334,163.33333333333334,185.33333333333334,209.33333333333334,233.33333333333334,247.33333333333334,247.33333333333334,250.33333333333334,252.33333333333334,247.33333333333334,239.33333333333334,234.33333333333334,234.33333333333334,238.33333333333334,240.33333333333334,240.33333333333334,240.33333333333334,240.33333333333334,240.33333333333334,240.33333333333334,240.33333333333334,240.33333333333334,240.33333333333334,236.0,233.33333333333334,240.66666666666666,241.0,228.0,143.66666666666666,132.33333333333334,136.66666666666666,140.0,144.33333333333334,145.0,141.33333333333334,137.33333333333334,134.33333333333334,132.33333333333334,146.33333333333334,141.33333333333334,136.33333333333334,135.33333333333334,138.33333333333334,141.33333333333334,140.66666666666666,135.66666666666666,135.66666666666666,140.66666666666666,144.66666666666666,144.66666666666666,146.66666666666666,149.66666666666666,142.66666666666666,142.66666666666666,141.66666666666666,139.66666666666666,137.66666666666666,137.66666666666666,138.66666666666666,139.66666666666666,132.0,131.0,139.66666666666666,141.66666666666666,116.33333333333333,88.33333333333333,125.33333333333333,208.33333333333334,190.33333333333334,142.33333333333334,143.66666666666666,178.66666666666666,190.66666666666666,196.66666666666666,209.33333333333334,221.66666666666666,230.66666666666666,234.0,239.0,240.0,239.66666666666666,239.66666666666666,240.33333333333334,240.33333333333334,241.0,241.0,240.33333333333334,240.33333333333334,239.66666666666666,239.66666666666666,239.66666666666666,239.66666666666666,241.33333333333334,242.33333333333334,244.33333333333334,246.33333333333334,247.33333333333334,244.33333333333334,239.33333333333334,235.33333333333334,233.33333333333334,233.33333333333334,234.33333333333334,235.33333333333334,236.33333333333334,237.33333333333334,240.33333333333334,242.33333333333334,242.33333333333334,246.33333333333334,248.33333333333334,244.33333333333334,237.33333333333334,233.33333333333334,235.33333333333334,239.33333333333334,236.33333333333334,232.33333333333334,225.33333333333334,217.33333333333334,207.33333333333334,198.33333333333334,191.33333333333334,188.33333333333334,184.33333333333334,183.33333333333334,183.33333333333334,182.33333333333334,181.33333333333334,180.33333333333334,179.33333333333334,178.33333333333334,181.33333333333334,180.33333333333334,181.33333333333334,182.33333333333334,185.33333333333334,188.33333333333334,189.33333333333334,189.33333333333334,199.33333333333334,204.33333333333334,212.33333333333334,221.33333333333334,229.33333333333334,235.33333333333334,239.33333333333334,241.33333333333334,254.0,254.0,254.0,252.33333333333334,248.33333333333334,246.33333333333334,246.33333333333334,247.33333333333334,239.33333333333334,232.33333333333334,227.33333333333334,230.33333333333334,238.33333333333334,245.33333333333334,245.33333333333334,242.33333333333334,240.33333333333334,240.33333333333334,240.33333333333334,240.33333333333334,240.33333333333334,240.33333333333334,240.33333333333334,240.33333333333334,246.33333333333334,234.0,244.33333333333334,246.66666666666666,230.0,250.33333333333334,182.66666666666666,123.33333333333333,131.66666666666666,137.0,145.33333333333334,149.33333333333334,147.33333333333334,142.33333333333334,136.66666666666666,132.66666666666666,137.33333333333334,140.33333333333334,141.33333333333334,139.33333333333334,134.33333333333334,132.33333333333334,141.66666666666666,137.66666666666666,138.66666666666666,143.66666666666666,147.66666666666666,146.66666666666666,147.66666666666666,149.66666666666666,142.66666666666666,139.66666666666666,137.66666666666666,138.66666666666666,140.66666666666666,141.66666666666666,139.66666666666666,136.66666666666666,129.0,131.0,135.66666666666666,138.66666666666666,132.33333333333334,97.33333333333333,106.33333333333333,193.33333333333334,202.33333333333334,147.33333333333334,146.66666666666666,172.66666666666666,186.66666666666666,198.66666666666666,206.33333333333334,218.66666666666666,229.66666666666666,233.0,238.0,240.0,240.66666666666666,239.66666666666666,240.33333333333334,240.33333333333334,241.0,241.0,240.33333333333334,240.33333333333334,239.66666666666666,239.66666666666666,239.66666666666666,239.66666666666666,247.33333333333334,239.33333333333334,231.33333333333334,229.33333333333334,233.33333333333334,238.33333333333334,239.33333333333334,238.33333333333334,243.33333333333334,243.33333333333334,242.33333333333334,238.33333333333334,235.33333333333334,236.33333333333334,240.33333333333334,245.33333333333334,243.33333333333334,243.33333333333334,243.33333333333334,243.33333333333334,243.33333333333334,243.33333333333334,243.33333333333334,243.33333333333334,242.33333333333334,243.33333333333334,243.33333333333334,245.33333333333334,246.33333333333334,247.33333333333334,248.33333333333334,248.33333333333334,249.33333333333334,249.33333333333334,248.33333333333334,248.33333333333334,247.33333333333334,246.33333333333334,246.33333333333334,246.33333333333334,248.33333333333334,248.33333333333334,248.33333333333334,249.33333333333334,249.33333333333334,250.33333333333334,250.33333333333334,250.33333333333334,246.33333333333334,246.33333333333334,246.33333333333334,245.33333333333334,243.33333333333334,240.33333333333334,237.33333333333334,235.33333333333334,231.33333333333334,235.33333333333334,238.33333333333334,240.33333333333334,238.33333333333334,235.33333333333334,233.33333333333334,232.33333333333334,236.33333333333334,243.33333333333334,249.33333333333334,247.33333333333334,240.33333333333334,237.33333333333334,241.33333333333334,246.33333333333334,240.33333333333334,240.33333333333334,240.33333333333334,240.33333333333334,240.33333333333334,240.33333333333334,240.33333333333334,240.33333333333334,245.33333333333334,232.0,245.66666666666666,243.66666666666666,225.0,251.66666666666666,215.0,133.66666666666666,133.33333333333334,135.66666666666666,138.66666666666666,139.33333333333334,138.33333333333334,137.33333333333334,137.66666666666666,138.66666666666666,133.33333333333334,139.33333333333334,145.33333333333334,143.33333333333334,137.33333333333334,133.33333333333334,143.66666666666666,139.66666666666666,140.66666666666666,145.66666666666666,147.66666666666666,145.66666666666666,143.66666666666666,144.66666666666666,137.66666666666666,136.66666666666666,137.66666666666666,139.66666666666666,142.66666666666666,142.66666666666666,139.66666666666666,136.66666666666666,132.0,134.0,131.66666666666666,132.66666666666666,144.33333333333334,107.33333333333333,91.33333333333333,177.33333333333334,211.33333333333334,152.33333333333334,150.66666666666666,167.66666666666666,181.66666666666666,201.66666666666666,205.33333333333334,214.66666666666666,228.66666666666666,232.0,238.0,240.0,240.66666666666666,239.66666666666666,239.33333333333334,240.33333333333334,241.0,241.0,240.33333333333334,240.33333333333334,239.66666666666666,239.66666666666666,239.66666666666666,239.66666666666666,234.33333333333334,240.33333333333334,247.33333333333334,247.33333333333334,242.33333333333334,238.33333333333334,237.33333333333334,238.33333333333334,237.33333333333334,238.33333333333334,240.33333333333334,242.33333333333334,243.33333333333334,242.33333333333334,239.33333333333334,237.33333333333334,246.33333333333334,237.33333333333334,230.33333333333334,233.33333333333334,243.33333333333334,247.33333333333334,240.33333333333334,231.33333333333334,240.33333333333334,240.33333333333334,240.33333333333334,240.33333333333334,241.33333333333334,241.33333333333334,241.33333333333334,241.33333333333334,242.33333333333334,242.33333333333334,242.33333333333334,242.33333333333334,242.33333333333334,241.33333333333334,241.33333333333334,241.33333333333334,240.33333333333334,241.33333333333334,241.33333333333334,240.33333333333334,239.33333333333334,237.33333333333334,237.33333333333334,237.33333333333334,241.33333333333334,241.33333333333334,242.33333333333334,243.33333333333334,243.33333333333334,244.33333333333334,244.33333333333334,244.33333333333334,243.33333333333334,245.33333333333334,247.33333333333334,247.33333333333334,245.33333333333334,243.33333333333334,243.33333333333334,243.33333333333334,247.33333333333334,239.33333333333334,233.33333333333334,234.33333333333334,240.33333333333334,242.33333333333334,238.33333333333334,232.33333333333334,240.33333333333334,240.33333333333334,240.33333333333334,240.33333333333334,240.33333333333334,240.33333333333334,240.33333333333334,240.33333333333334,238.0,236.0,238.66666666666666,235.66666666666666,237.0,241.33333333333334,230.0,162.66666666666666,134.66666666666666,134.33333333333334,132.66666666666666,130.66666666666666,129.33333333333334,130.33333333333334,134.66666666666666,137.66666666666666,134.33333333333334,138.33333333333334,141.33333333333334,140.33333333333334,137.33333333333334,134.33333333333334,143.66666666666666,139.66666666666666,140.66666666666666,144.66666666666666,145.66666666666666,141.66666666666666,137.66666666666666,137.66666666666666,132.66666666666666,135.66666666666666,138.66666666666666,141.66666666666666,141.66666666666666,140.66666666666666,138.66666666666666,137.66666666666666,137.0,137.0,128.66666666666666,126.66666666666667,149.33333333333334,112.33333333333333,83.33333333333333,167.33333333333334,215.33333333333334,156.33333333333334,152.66666666666666,163.66666666666666,177.66666666666666,203.66666666666666,204.33333333333334,212.66666666666666,227.66666666666666,232.0,238.0,240.0,240.66666666666666,239.66666666666666,239.33333333333334,239.33333333333334,241.0,241.0,240.33333333333334,240.33333333333334,239.66666666666666,239.66666666666666,239.66666666666666,239.66666666666666,240.33333333333334,238.33333333333334,236.33333333333334,236.33333333333334,237.33333333333334,240.33333333333334,242.33333333333334,243.33333333333334,244.33333333333334,239.33333333333334,234.33333333333334,235.33333333333334,240.33333333333334,242.33333333333334,240.33333333333334,236.33333333333334,238.33333333333334,242.33333333333334,245.33333333333334,242.33333333333334,237.33333333333334,234.33333333333334,237.33333333333334,241.33333333333334,240.33333333333334,240.33333333333334,240.33333333333334,240.33333333333334,239.33333333333334,239.33333333333334,238.33333333333334,238.33333333333334,240.33333333333334,240.33333333333334,240.33333333333334,240.33333333333334,240.33333333333334,240.33333333333334,241.33333333333334,241.33333333333334,240.33333333333334,242.33333333333334,243.33333333333334,242.33333333333334,240.33333333333334,239.33333333333334,239.33333333333334,239.33333333333334,239.33333333333334,239.33333333333334,238.33333333333334,237.33333333333334,237.33333333333334,237.33333333333334,237.33333333333334,238.33333333333334,238.33333333333334,238.33333333333334,237.33333333333334,236.33333333333334,235.33333333333334,237.33333333333334,241.33333333333334,244.33333333333334,238.33333333333334,242.33333333333334,245.33333333333334,244.33333333333334,240.33333333333334,238.33333333333334,241.33333333333334,244.33333333333334,240.33333333333334,240.33333333333334,240.33333333333334,240.33333333333334,240.33333333333334,240.33333333333334,240.33333333333334,240.33333333333334,237.0,247.0,235.66666666666666,232.66666666666666,253.0,238.0,237.66666666666666,196.0,138.0,137.66666666666666,138.33333333333334,135.66666666666666,133.33333333333334,133.33333333333334,134.66666666666666,136.66666666666666,138.33333333333334,136.33333333333334,134.33333333333334,133.33333333333334,133.33333333333334,132.33333333333334,142.66666666666666,141.66666666666666,141.66666666666666,143.66666666666666,144.66666666666666,143.66666666666666,145.66666666666666,147.66666666666666,155.66666666666666,147.66666666666666,140.66666666666666,137.66666666666666,139.66666666666666,142.66666666666666,141.66666666666666,138.66666666666666,148.0,136.0,140.66666666666666,137.66666666666666,141.33333333333334,124.33333333333333,99.33333333333333,134.33333333333334,204.33333333333334,186.33333333333334,135.66666666666666,165.66666666666666,176.66666666666666,189.66666666666666,209.33333333333334,210.66666666666666,220.66666666666666,228.0,237.0,242.0,242.66666666666666,240.66666666666666,240.33333333333334,240.33333333333334,241.0,241.0,240.33333333333334,240.33333333333334,239.66666666666666,239.66666666666666,239.66666666666666,239.66666666666666,240.33333333333334,240.33333333333334,240.33333333333334,240.33333333333334,240.33333333333334,240.33333333333334,240.33333333333334,240.33333333333334,240.33333333333334,240.33333333333334,240.33333333333334,240.33333333333334,240.33333333333334,240.33333333333334,240.33333333333334,240.33333333333334,240.33333333333334,240.33333333333334,240.33333333333334,240.33333333333334,240.33333333333334,240.33333333333334,240.33333333333334,240.33333333333334,240.33333333333334,240.33333333333334,240.33333333333334,240.33333333333334,240.33333333333334,240.33333333333334,240.33333333333334,240.33333333333334,240.33333333333334,240.33333333333334,240.33333333333334,240.33333333333334,240.33333333333334,240.33333333333334,240.33333333333334,240.33333333333334,240.33333333333334,240.33333333333334,240.33333333333334,240.33333333333334,240.33333333333334,240.33333333333334,240.33333333333334,240.33333333333334,240.33333333333334,240.33333333333334,240.33333333333334,240.33333333333334,240.33333333333334,240.33333333333334,240.33333333333334,240.33333333333334,240.33333333333334,240.33333333333334,240.33333333333334,240.33333333333334,240.33333333333334,240.33333333333334,240.33333333333334,240.33333333333334,240.33333333333334,240.33333333333334,240.33333333333334,240.33333333333334,240.33333333333334,240.33333333333334,240.33333333333334,240.33333333333334,240.33333333333334,240.33333333333334,240.33333333333334,240.33333333333334,240.33333333333334,240.33333333333334,240.33333333333334,240.33333333333334,235.0,241.0,240.66666666666666,236.66666666666666,238.66666666666666,243.66666666666666,235.0,219.66666666666666,147.0,141.66666666666666,134.33333333333334,137.66666666666666,144.33333333333334,136.33333333333334,127.33333333333333,132.66666666666666,139.33333333333334,145.33333333333334,149.33333333333334,145.33333333333334,134.33333333333334,126.33333333333333,144.66666666666666,143.66666666666666,141.66666666666666,141.66666666666666,140.66666666666666,139.66666666666666,140.66666666666666,141.66666666666666,148.66666666666666,143.66666666666666,137.66666666666666,136.66666666666666,139.66666666666666,141.66666666666666,140.66666666666666,137.66666666666666,143.0,135.0,139.66666666666666,136.66666666666666,143.33333333333334,129.33333333333334,101.33333333333333,122.33333333333333,200.33333333333334,189.33333333333334,141.66666666666666,166.66666666666666,175.66666666666666,187.66666666666666,210.33333333333334,216.66666666666666,220.66666666666666,227.0,236.0,240.0,241.66666666666666,239.66666666666666,240.33333333333334,240.33333333333334,241.0,241.0,240.33333333333334,240.33333333333334,239.66666666666666,239.66666666666666,239.66666666666666,239.66666666666666,240.33333333333334,240.33333333333334,240.33333333333334,240.33333333333334,240.33333333333334,240.33333333333334,240.33333333333334,240.33333333333334,240.33333333333334,240.33333333333334,240.33333333333334,240.33333333333334,240.33333333333334,240.33333333333334,240.33333333333334,240.33333333333334,240.33333333333334,240.33333333333334,240.33333333333334,240.33333333333334,240.33333333333334,240.33333333333334,240.33333333333334,240.33333333333334,240.33333333333334,240.33333333333334,240.33333333333334,240.33333333333334,240.33333333333334,240.33333333333334,240.33333333333334,240.33333333333334,240.33333333333334,240.33333333333334,240.33333333333334,240.33333333333334,240.33333333333334,240.33333333333334,240.33333333333334,240.33333333333334,240.33333333333334,240.33333333333334,240.33333333333334,240.33333333333334,240.33333333333334,240.33333333333334,240.33333333333334,240.33333333333334,240.33333333333334,240.33333333333334,240.33333333333334,240.33333333333334,240.33333333333334,240.33333333333334,240.33333333333334,240.33333333333334,240.33333333333334,240.33333333333334,240.33333333333334,240.33333333333334,240.33333333333334,240.33333333333334,240.33333333333334,240.33333333333334,240.33333333333334,240.33333333333334,240.33333333333334,240.33333333333334,240.33333333333334,240.33333333333334,240.33333333333334,240.33333333333334,240.33333333333334,240.33333333333334,240.33333333333334,240.33333333333334,240.33333333333334,240.33333333333334,240.33333333333334,240.33333333333334,236.0,241.0,240.66666666666666,236.66666666666666,238.66666666666666,243.66666666666666,237.66666666666666,224.0,158.66666666666666,139.0,131.0,138.33333333333334,139.66666666666666,133.33333333333334,132.33333333333334,137.33333333333334,134.33333333333334,139.33333333333334,142.33333333333334,139.33333333333334,132.33333333333334,127.33333333333333,145.66666666666666,144.66666666666666,142.66666666666666,140.66666666666666,139.66666666666666,140.66666666666666,141.66666666666666,141.66666666666666,142.66666666666666,138.66666666666666,135.66666666666666,135.66666666666666,138.66666666666666,139.66666666666666,138.66666666666666,135.66666666666666,139.0,134.0,137.66666666666666,135.66666666666666,144.33333333333334,137.33333333333334,107.33333333333333,107.33333333333333,190.33333333333334,192.33333333333334,147.66666666666666,166.66666666666666,170.66666666666666,181.66666666666666,207.33333333333334,222.66666666666666,219.66666666666666,225.0,233.0,238.0,240.66666666666666,239.66666666666666,240.33333333333334,240.33333333333334,241.0,241.0,240.33333333333334,240.33333333333334,239.66666666666666,239.66666666666666,239.66666666666666,239.66666666666666,240.33333333333334,240.33333333333334,240.33333333333334,240.33333333333334,240.33333333333334,240.33333333333334,240.33333333333334,240.33333333333334,240.33333333333334,240.33333333333334,240.33333333333334,240.33333333333334,240.33333333333334,240.33333333333334,240.33333333333334,240.33333333333334,240.33333333333334,240.33333333333334,240.33333333333334,240.33333333333334,240.33333333333334,240.33333333333334,240.33333333333334,240.33333333333334,240.33333333333334,240.33333333333334,240.33333333333334,240.33333333333334,240.33333333333334,240.33333333333334,240.33333333333334,240.33333333333334,240.33333333333334,240.33333333333334,240.33333333333334,240.33333333333334,240.33333333333334,240.33333333333334,240.33333333333334,240.33333333333334,240.33333333333334,240.33333333333334,240.33333333333334,240.33333333333334,240.33333333333334,240.33333333333334,240.33333333333334,240.33333333333334,240.33333333333334,240.33333333333334,240.33333333333334,240.33333333333334,240.33333333333334,240.33333333333334,240.33333333333334,240.33333333333334,240.33333333333334,240.33333333333334,240.33333333333334,240.33333333333334,240.33333333333334,240.33333333333334,240.33333333333334,240.33333333333334,240.33333333333334,240.33333333333334,240.33333333333334,240.33333333333334,240.33333333333334,240.33333333333334,240.33333333333334,240.33333333333334,240.33333333333334,240.33333333333334,240.33333333333334,240.33333333333334,240.33333333333334,240.33333333333334,240.33333333333334,240.33333333333334,237.33333333333334,240.33333333333334,240.33333333333334,237.33333333333334,239.33333333333334,243.66666666666666,240.0,230.66666666666666,178.0,138.66666666666666,128.0,140.33333333333334,134.66666666666666,130.33333333333334,138.33333333333334,141.33333333333334,131.33333333333334,133.33333333333334,135.33333333333334,135.33333333333334,132.33333333333334,130.33333333333334,143.66666666666666,144.66666666666666,143.66666666666666,141.66666666666666,141.66666666666666,145.66666666666666,146.66666666666666,145.66666666666666,140.66666666666666,138.66666666666666,136.66666666666666,136.66666666666666,138.66666666666666,138.66666666666666,135.66666666666666,133.66666666666666,138.0,137.0,134.66666666666666,133.66666666666666,143.33333333333334,143.33333333333334,118.33333333333333,98.33333333333333,173.33333333333334,192.33333333333334,151.66666666666666,163.66666666666666,163.66666666666666,172.66666666666666,201.33333333333334,223.66666666666666,220.66666666666666,225.0,231.0,236.0,238.66666666666666,239.66666666666666,240.33333333333334,240.33333333333334,241.0,241.0,240.33333333333334,240.33333333333334,239.66666666666666,239.66666666666666,239.66666666666666,239.66666666666666,240.33333333333334,240.33333333333334,240.33333333333334,240.33333333333334,240.33333333333334,240.33333333333334,240.33333333333334,240.33333333333334,240.33333333333334,240.33333333333334,240.33333333333334,240.33333333333334,240.33333333333334,240.33333333333334,240.33333333333334,240.33333333333334,240.33333333333334,240.33333333333334,240.33333333333334,240.33333333333334,240.33333333333334,240.33333333333334,240.33333333333334,240.33333333333334,240.33333333333334,240.33333333333334,240.33333333333334,240.33333333333334,240.33333333333334,240.33333333333334,240.33333333333334,240.33333333333334,240.33333333333334,240.33333333333334,240.33333333333334,240.33333333333334,240.33333333333334,240.33333333333334,240.33333333333334,240.33333333333334,240.33333333333334,240.33333333333334,240.33333333333334,240.33333333333334,240.33333333333334,240.33333333333334,240.33333333333334,240.33333333333334,240.33333333333334,240.33333333333334,240.33333333333334,240.33333333333334,240.33333333333334,240.33333333333334,240.33333333333334,240.33333333333334,240.33333333333334,240.33333333333334,240.33333333333334,240.33333333333334,240.33333333333334,240.33333333333334,240.33333333333334,240.33333333333334,240.33333333333334,240.33333333333334,240.33333333333334,240.33333333333334,240.33333333333334,240.33333333333334,240.33333333333334,240.33333333333334,240.33333333333334,240.33333333333334,240.33333333333334,240.33333333333334,240.33333333333334,240.33333333333334,240.33333333333334,240.33333333333334,238.33333333333334,240.33333333333334,240.33333333333334,237.33333333333334,239.33333333333334,244.33333333333334,242.0,236.0,197.66666666666666,141.66666666666666,129.0,145.0,132.33333333333334,127.33333333333333,140.66666666666666,139.33333333333334,133.33333333333334,133.33333333333334,134.33333333333334,134.33333333333334,134.33333333333334,134.33333333333334,141.66666666666666,144.66666666666666,144.66666666666666,141.66666666666666,141.66666666666666,145.66666666666666,145.66666666666666,142.66666666666666,141.66666666666666,140.66666666666666,139.66666666666666,139.66666666666666,138.66666666666666,136.66666666666666,133.66666666666666,131.66666666666666,140.0,139.0,131.66666666666666,132.66666666666666,139.33333333333334,144.33333333333334,130.33333333333334,100.33333333333333,155.33333333333334,191.33333333333334,156.66666666666666,162.66666666666666,160.66666666666666,166.66666666666666,193.33333333333334,222.66666666666666,223.66666666666666,226.0,230.0,234.0,237.66666666666666,239.66666666666666,241.33333333333334,240.33333333333334,241.0,241.0,240.33333333333334,240.33333333333334,239.66666666666666,239.66666666666666,239.66666666666666,239.66666666666666,240.33333333333334,240.33333333333334,240.33333333333334,240.33333333333334,240.33333333333334,240.33333333333334,240.33333333333334,240.33333333333334,240.33333333333334,240.33333333333334,240.33333333333334,240.33333333333334,240.33333333333334,240.33333333333334,240.33333333333334,240.33333333333334,240.33333333333334,240.33333333333334,240.33333333333334,240.33333333333334,240.33333333333334,240.33333333333334,240.33333333333334,240.33333333333334,240.33333333333334,240.33333333333334,240.33333333333334,240.33333333333334,240.33333333333334,240.33333333333334,240.33333333333334,240.33333333333334,240.33333333333334,240.33333333333334,240.33333333333334,240.33333333333334,240.33333333333334,240.33333333333334,240.33333333333334,240.33333333333334,240.33333333333334,240.33333333333334,240.33333333333334,240.33333333333334,240.33333333333334,240.33333333333334,240.33333333333334,240.33333333333334,240.33333333333334,240.33333333333334,240.33333333333334,240.33333333333334,240.33333333333334,240.33333333333334,240.33333333333334,240.33333333333334,240.33333333333334,240.33333333333334,240.33333333333334,240.33333333333334,240.33333333333334,240.33333333333334,240.33333333333334,240.33333333333334,240.33333333333334,240.33333333333334,240.33333333333334,240.33333333333334,240.33333333333334,240.33333333333334,240.33333333333334,240.33333333333334,240.33333333333334,240.33333333333334,240.33333333333334,240.33333333333334,240.33333333333334,240.33333333333334,240.33333333333334,240.33333333333334,239.33333333333334,240.33333333333334,240.33333333333334,238.33333333333334,240.33333333333334,243.33333333333334,242.33333333333334,240.0,212.66666666666666,152.0,133.66666666666666,146.0,134.33333333333334,128.33333333333334,137.66666666666666,133.33333333333334,135.33333333333334,135.33333333333334,134.33333333333334,134.33333333333334,134.33333333333334,134.33333333333334,138.66666666666666,144.66666666666666,145.66666666666666,139.66666666666666,138.66666666666666,141.66666666666666,138.66666666666666,131.66666666666666,142.66666666666666,142.66666666666666,141.66666666666666,139.66666666666666,137.66666666666666,135.66666666666666,133.66666666666666,131.66666666666666,140.0,138.0,129.66666666666666,133.66666666666666,134.33333333333334,139.33333333333334,139.33333333333334,107.33333333333333,136.33333333333334,188.33333333333334,158.66666666666666,161.66666666666666,158.66666666666666,161.66666666666666,185.33333333333334,216.66666666666666,227.66666666666666,228.0,230.0,233.0,237.66666666666666,240.66666666666666,241.33333333333334,240.33333333333334,241.0,241.0,240.33333333333334,240.33333333333334,239.66666666666666,239.66666666666666,239.66666666666666,239.66666666666666,240.33333333333334,240.33333333333334,240.33333333333334,240.33333333333334,240.33333333333334,240.33333333333334,240.33333333333334,240.33333333333334,240.33333333333334,240.33333333333334,240.33333333333334,240.33333333333334,240.33333333333334,240.33333333333334,240.33333333333334,240.33333333333334,240.33333333333334,240.33333333333334,240.33333333333334,240.33333333333334,240.33333333333334,240.33333333333334,240.33333333333334,240.33333333333334,240.33333333333334,240.33333333333334,240.33333333333334,240.33333333333334,240.33333333333334,240.33333333333334,240.33333333333334,240.33333333333334,240.33333333333334,240.33333333333334,240.33333333333334,240.33333333333334,240.33333333333334,240.33333333333334,240.33333333333334,240.33333333333334,240.33333333333334,240.33333333333334,240.33333333333334,240.33333333333334,240.33333333333334,240.33333333333334,240.33333333333334,240.33333333333334,240.33333333333334,240.33333333333334,240.33333333333334,240.33333333333334,240.33333333333334,240.33333333333334,240.33333333333334,240.33333333333334,240.33333333333334,240.33333333333334,240.33333333333334,240.33333333333334,240.33333333333334,240.33333333333334,240.33333333333334,240.33333333333334,240.33333333333334,240.33333333333334,240.33333333333334,240.33333333333334,240.33333333333334,240.33333333333334,240.33333333333334,240.33333333333334,240.33333333333334,240.33333333333334,240.33333333333334,240.33333333333334,240.33333333333334,240.33333333333334,240.33333333333334,240.33333333333334,238.33333333333334,239.33333333333334,240.33333333333334,240.33333333333334,240.33333333333334,241.33333333333334,241.33333333333334,240.33333333333334,222.0,166.0,137.66666666666666,141.0,136.33333333333334,131.33333333333334,134.33333333333334,129.33333333333334,131.66666666666666,134.33333333333334,136.33333333333334,135.33333333333334,132.33333333333334,130.33333333333334,134.66666666666666,143.66666666666666,145.66666666666666,139.66666666666666,138.66666666666666,140.66666666666666,136.66666666666666,126.66666666666667,140.66666666666666,140.66666666666666,140.66666666666666,138.66666666666666,136.66666666666666,134.66666666666666,134.66666666666666,134.66666666666666,136.0,135.0,126.66666666666667,136.66666666666666,131.33333333333334,132.33333333333334,143.33333333333334,113.33333333333333,117.33333333333333,179.33333333333334,154.66666666666666,156.66666666666666,154.66666666666666,154.66666666666666,173.33333333333334,204.66666666666666,231.66666666666666,230.0,231.0,233.0,237.66666666666666,240.66666666666666,241.33333333333334,239.33333333333334,241.0,241.0,240.33333333333334,240.33333333333334,239.66666666666666,239.66666666666666,239.66666666666666,239.66666666666666,240.33333333333334,240.33333333333334,240.33333333333334,240.33333333333334,240.33333333333334,240.33333333333334,240.33333333333334,240.33333333333334,240.33333333333334,240.33333333333334,240.33333333333334,240.33333333333334,240.33333333333334,240.33333333333334,240.33333333333334,240.33333333333334,240.33333333333334,240.33333333333334,240.33333333333334,240.33333333333334,240.33333333333334,240.33333333333334,240.33333333333334,240.33333333333334,240.33333333333334,240.33333333333334,240.33333333333334,240.33333333333334,240.33333333333334,240.33333333333334,240.33333333333334,240.33333333333334,240.33333333333334,240.33333333333334,240.33333333333334,240.33333333333334,240.33333333333334,240.33333333333334,240.33333333333334,240.33333333333334,240.33333333333334,240.33333333333334,240.33333333333334,240.33333333333334,240.33333333333334,240.33333333333334,240.33333333333334,240.33333333333334,240.33333333333334,240.33333333333334,240.33333333333334,240.33333333333334,240.33333333333334,240.33333333333334,240.33333333333334,240.33333333333334,240.33333333333334,240.33333333333334,240.33333333333334,240.33333333333334,240.33333333333334,240.33333333333334,240.33333333333334,240.33333333333334,240.33333333333334,240.33333333333334,240.33333333333334,240.33333333333334,240.33333333333334,240.33333333333334,240.33333333333334,240.33333333333334,240.33333333333334,240.33333333333334,240.33333333333334,240.33333333333334,240.33333333333334,240.33333333333334,240.33333333333334,240.33333333333334,238.33333333333334,238.33333333333334,240.33333333333334,241.33333333333334,241.0,239.0,239.0,239.33333333333334,226.0,179.66666666666666,140.33333333333334,132.0,137.33333333333334,136.33333333333334,133.33333333333334,132.33333333333334,129.66666666666666,135.33333333333334,140.33333333333334,138.33333333333334,133.33333333333334,129.33333333333334,130.66666666666666,141.66666666666666,145.66666666666666,141.66666666666666,141.66666666666666,145.66666666666666,140.66666666666666,129.66666666666666,137.66666666666666,138.66666666666666,137.66666666666666,136.66666666666666,134.66666666666666,134.66666666666666,135.66666666666666,137.66666666666666,131.0,131.0,125.66666666666667,139.66666666666666,130.33333333333334,126.33333333333333,143.33333333333334,116.33333333333333,102.33333333333333,171.33333333333334,149.33333333333334,151.33333333333334,150.33333333333334,148.33333333333334,164.33333333333334,194.33333333333334,234.66666666666666,232.0,231.33333333333334,233.0,237.66666666666666,240.66666666666666,240.66666666666666,239.33333333333334,240.33333333333334,240.33333333333334,240.33333333333334,240.33333333333334,240.33333333333334,239.66666666666666,239.66666666666666,239.66666666666666,240.33333333333334,240.33333333333334,240.33333333333334,240.33333333333334,240.33333333333334,240.33333333333334,240.33333333333334,240.33333333333334,240.33333333333334,240.33333333333334,240.33333333333334,240.33333333333334,240.33333333333334,240.33333333333334,240.33333333333334,240.33333333333334,240.33333333333334,240.33333333333334,240.33333333333334,240.33333333333334,240.33333333333334,240.33333333333334,240.33333333333334,240.33333333333334,240.33333333333334,240.33333333333334,240.33333333333334,240.33333333333334,240.33333333333334,240.33333333333334,240.33333333333334,240.33333333333334,240.33333333333334,240.33333333333334,240.33333333333334,240.33333333333334,240.33333333333334,240.33333333333334,240.33333333333334,240.33333333333334,240.33333333333334,240.33333333333334,240.33333333333334,240.33333333333334,240.33333333333334,240.33333333333334,240.33333333333334,240.33333333333334,240.33333333333334,240.33333333333334,240.33333333333334,240.33333333333334,240.33333333333334,240.33333333333334,240.33333333333334,240.33333333333334,240.33333333333334,240.33333333333334,240.33333333333334,240.33333333333334,240.33333333333334,240.33333333333334,240.33333333333334,240.33333333333334,240.33333333333334,240.33333333333334,240.33333333333334,240.33333333333334,240.33333333333334,240.33333333333334,240.33333333333334,240.33333333333334,240.33333333333334,240.33333333333334,240.33333333333334,240.33333333333334,240.33333333333334,240.33333333333334,240.33333333333334,240.33333333333334,237.66666666666666,238.66666666666666,241.33333333333334,242.33333333333334,242.0,238.0,237.0,238.33333333333334,227.0,187.66666666666666,139.33333333333334,124.0,137.33333333333334,140.66666666666666,134.33333333333334,135.33333333333334,129.66666666666666,137.33333333333334,144.33333333333334,143.33333333333334,136.33333333333334,131.33333333333334,145.66666666666666,142.66666666666666,140.66666666666666,141.66666666666666,144.66666666666666,143.66666666666666,139.66666666666666,134.66666666666666,123.66666666666667,130.66666666666666,137.66666666666666,137.66666666666666,132.66666666666666,129.66666666666666,132.66666666666666,136.66666666666666,129.66666666666666,133.66666666666666,136.66666666666666,135.66666666666666,130.66666666666666,124.66666666666667,123.33333333333333,123.0,100.33333333333333,150.33333333333334,161.0,150.33333333333334,119.0,102.33333333333333,152.66666666666666,198.66666666666666,221.0,235.0,234.0,227.66666666666666,234.66666666666666,239.0,238.66666666666666,240.66666666666666,240.0,240.33333333333334,240.33333333333334,240.33333333333334,240.33333333333334,240.33333333333334,240.33333333333334,240.33333333333334,240.33333333333334,240.33333333333334,240.33333333333334,240.33333333333334,240.33333333333334,240.33333333333334,240.33333333333334,240.33333333333334,240.33333333333334,240.33333333333334,240.33333333333334,240.33333333333334,240.33333333333334,240.33333333333334,240.33333333333334,240.33333333333334,240.33333333333334,240.33333333333334,240.33333333333334,240.33333333333334,240.33333333333334,240.33333333333334,240.33333333333334,240.33333333333334,240.33333333333334,240.33333333333334,240.33333333333334,240.33333333333334,240.33333333333334,240.33333333333334,240.33333333333334,240.33333333333334,240.33333333333334,240.33333333333334,240.33333333333334,240.33333333333334,240.33333333333334,240.33333333333334,240.33333333333334,240.33333333333334,240.33333333333334,240.33333333333334,240.33333333333334,240.33333333333334,240.33333333333334,240.33333333333334,240.33333333333334,240.33333333333334,240.33333333333334,240.33333333333334,240.33333333333334,240.33333333333334,240.33333333333334,240.33333333333334,240.33333333333334,240.33333333333334,240.33333333333334,240.33333333333334,240.33333333333334,240.33333333333334,240.33333333333334,240.33333333333334,240.33333333333334,240.33333333333334,240.33333333333334,240.33333333333334,240.33333333333334,240.33333333333334,240.33333333333334,240.33333333333334,240.33333333333334,240.33333333333334,240.33333333333334,240.33333333333334,240.33333333333334,240.33333333333334,240.33333333333334,240.33333333333334,240.33333333333334,240.33333333333334,240.0,240.0,240.33333333333334,240.33333333333334,240.33333333333334,240.33333333333334,240.33333333333334,239.66666666666666,228.66666666666666,199.0,155.66666666666666,134.0,136.66666666666666,135.66666666666666,132.66666666666666,138.66666666666666,138.66666666666666,137.66666666666666,136.66666666666666,135.66666666666666,133.66666666666666,132.66666666666666,142.66666666666666,143.66666666666666,144.66666666666666,144.66666666666666,142.66666666666666,140.66666666666666,139.66666666666666,139.66666666666666,129.66666666666666,135.66666666666666,140.66666666666666,139.66666666666666,133.66666666666666,129.66666666666666,131.66666666666666,134.66666666666666,126.66666666666667,130.66666666666666,133.66666666666666,133.66666666666666,130.0,126.0,124.66666666666667,125.66666666666667,98.33333333333333,135.33333333333334,154.33333333333334,137.33333333333334,108.0,98.0,137.33333333333334,187.33333333333334,218.66666666666666,234.0,235.0,228.0,232.66666666666666,236.66666666666666,237.0,241.0,239.66666666666666,240.0,240.33333333333334,240.33333333333334,241.0,241.0,241.0,241.0,240.33333333333334,240.33333333333334,240.33333333333334,240.33333333333334,240.33333333333334,240.33333333333334,240.33333333333334,240.33333333333334,240.33333333333334,240.33333333333334,240.33333333333334,240.33333333333334,240.33333333333334,240.33333333333334,240.33333333333334,240.33333333333334,240.33333333333334,240.33333333333334,240.33333333333334,240.33333333333334,240.33333333333334,240.33333333333334,240.33333333333334,240.33333333333334,240.33333333333334,240.33333333333334,240.33333333333334,240.33333333333334,240.33333333333334,240.33333333333334,240.33333333333334,240.33333333333334,240.33333333333334,240.33333333333334,240.33333333333334,240.33333333333334,240.33333333333334,240.33333333333334,240.33333333333334,240.33333333333334,240.33333333333334,240.33333333333334,240.33333333333334,240.33333333333334,240.33333333333334,240.33333333333334,240.33333333333334,240.33333333333334,240.33333333333334,240.33333333333334,240.33333333333334,240.33333333333334,240.33333333333334,240.33333333333334,240.33333333333334,240.33333333333334,240.33333333333334,240.33333333333334,240.33333333333334,240.33333333333334,240.33333333333334,240.33333333333334,240.33333333333334,240.33333333333334,240.33333333333334,240.33333333333334,240.33333333333334,240.33333333333334,240.33333333333334,240.33333333333334,240.33333333333334,240.33333333333334,240.33333333333334,240.33333333333334,240.33333333333334,240.33333333333334,240.33333333333334,240.33333333333334,240.33333333333334,240.33333333333334,240.0,240.0,240.33333333333334,240.33333333333334,240.33333333333334,240.33333333333334,239.33333333333334,239.33333333333334,229.66666666666666,205.0,162.66666666666666,135.0,135.66666666666666,137.66666666666666,136.33333333333334,140.66666666666666,137.66666666666666,137.66666666666666,136.66666666666666,135.66666666666666,135.66666666666666,134.66666666666666,140.66666666666666,144.66666666666666,147.66666666666666,145.66666666666666,140.66666666666666,137.66666666666666,139.66666666666666,142.66666666666666,136.66666666666666,140.66666666666666,144.66666666666666,141.66666666666666,134.66666666666666,129.66666666666666,130.66666666666666,132.66666666666666,124.66666666666667,127.66666666666667,130.66666666666666,130.66666666666666,129.0,128.0,126.66666666666667,127.66666666666667,104.33333333333333,122.33333333333333,152.33333333333334,123.33333333333333,95.0,96.0,117.33333333333333,180.33333333333334,213.66666666666666,233.0,237.0,228.0,229.66666666666666,232.66666666666666,235.0,242.0,239.66666666666666,240.0,240.33333333333334,240.33333333333334,240.33333333333334,240.33333333333334,241.0,241.0,240.33333333333334,240.33333333333334,240.33333333333334,240.33333333333334,240.33333333333334,240.33333333333334,240.33333333333334,240.33333333333334,240.33333333333334,240.33333333333334,240.33333333333334,240.33333333333334,240.33333333333334,240.33333333333334,240.33333333333334,240.33333333333334,240.33333333333334,240.33333333333334,240.33333333333334,240.33333333333334,240.33333333333334,240.33333333333334,240.33333333333334,240.33333333333334,240.33333333333334,240.33333333333334,240.33333333333334,240.33333333333334,240.33333333333334,240.33333333333334,240.33333333333334,240.33333333333334,240.33333333333334,240.33333333333334,240.33333333333334,240.33333333333334,240.33333333333334,240.33333333333334,240.33333333333334,240.33333333333334,240.33333333333334,240.33333333333334,240.33333333333334,240.33333333333334,240.33333333333334,240.33333333333334,240.33333333333334,240.33333333333334,240.33333333333334,240.33333333333334,240.33333333333334,240.33333333333334,240.33333333333334,240.33333333333334,240.33333333333334,240.33333333333334,240.33333333333334,240.33333333333334,240.33333333333334,240.33333333333334,240.33333333333334,240.33333333333334,240.33333333333334,240.33333333333334,240.33333333333334,240.33333333333334,240.33333333333334,240.33333333333334,240.33333333333334,240.33333333333334,240.33333333333334,240.33333333333334,240.33333333333334,240.33333333333334,240.33333333333334,240.33333333333334,240.33333333333334,240.33333333333334,240.33333333333334,240.33333333333334,240.0,240.0,240.33333333333334,240.33333333333334,240.33333333333334,240.0,239.33333333333334,239.33333333333334,226.66666666666666,211.0,170.66666666666666,136.0,131.66666666666666,136.66666666666666,138.33333333333334,139.66666666666666,137.66666666666666,137.66666666666666,136.66666666666666,136.66666666666666,135.66666666666666,135.66666666666666,140.66666666666666,142.66666666666666,143.66666666666666,142.66666666666666,139.66666666666666,138.66666666666666,139.66666666666666,141.66666666666666,138.66666666666666,141.66666666666666,143.66666666666666,140.66666666666666,134.66666666666666,130.66666666666666,130.66666666666666,132.66666666666666,127.66666666666667,128.66666666666666,128.66666666666666,129.66666666666666,128.0,127.0,126.66666666666667,126.66666666666667,110.33333333333333,111.33333333333333,148.33333333333334,108.33333333333333,78.0,86.0,96.33333333333333,173.33333333333334,207.0,231.0,237.0,229.0,227.66666666666666,228.66666666666666,233.0,242.0,239.66666666666666,239.66666666666666,240.0,240.33333333333334,240.33333333333334,240.33333333333334,241.0,241.0,240.33333333333334,240.33333333333334,240.33333333333334,240.33333333333334,240.33333333333334,240.33333333333334,240.33333333333334,240.33333333333334,240.33333333333334,240.33333333333334,240.33333333333334,240.33333333333334,240.33333333333334,240.33333333333334,240.33333333333334,240.33333333333334,240.33333333333334,240.33333333333334,240.33333333333334,240.33333333333334,240.33333333333334,240.33333333333334,240.33333333333334,240.33333333333334,240.33333333333334,240.33333333333334,240.33333333333334,240.33333333333334,240.33333333333334,240.33333333333334,240.33333333333334,240.33333333333334,240.33333333333334,240.33333333333334,240.33333333333334,240.33333333333334,240.33333333333334,240.33333333333334,240.33333333333334,240.33333333333334,240.33333333333334,240.33333333333334,240.33333333333334,240.33333333333334,240.33333333333334,240.33333333333334,240.33333333333334,240.33333333333334,240.33333333333334,240.33333333333334,240.33333333333334,240.33333333333334,240.33333333333334,240.33333333333334,240.33333333333334,240.33333333333334,240.33333333333334,240.33333333333334,240.33333333333334,240.33333333333334,240.33333333333334,240.33333333333334,240.33333333333334,240.33333333333334,240.33333333333334,240.33333333333334,240.33333333333334,240.33333333333334,240.33333333333334,240.33333333333334,240.33333333333334,240.33333333333334,240.33333333333334,240.33333333333334,240.33333333333334,240.33333333333334,240.33333333333334,240.33333333333334,240.33333333333334,240.33333333333334,240.0,240.0,240.33333333333334,240.33333333333334,240.0,240.0,239.33333333333334,239.33333333333334,222.66666666666666,213.0,174.66666666666666,134.66666666666666,127.66666666666667,134.66666666666666,135.66666666666666,136.66666666666666,137.66666666666666,136.66666666666666,136.66666666666666,135.66666666666666,134.66666666666666,133.66666666666666,142.66666666666666,140.66666666666666,137.66666666666666,138.66666666666666,140.66666666666666,141.66666666666666,139.66666666666666,137.66666666666666,135.66666666666666,137.66666666666666,138.66666666666666,137.66666666666666,133.66666666666666,131.66666666666666,132.66666666666666,133.66666666666666,132.66666666666666,131.66666666666666,129.66666666666666,128.66666666666666,127.0,127.0,125.66666666666667,124.66666666666667,113.33333333333333,100.33333333333333,135.33333333333334,90.33333333333333,60.0,70.0,75.33333333333333,161.33333333333334,201.0,226.66666666666666,237.0,230.0,227.66666666666666,227.66666666666666,230.0,239.0,239.66666666666666,239.66666666666666,240.0,240.0,240.33333333333334,240.33333333333334,240.33333333333334,240.33333333333334,240.33333333333334,240.33333333333334,240.33333333333334,240.33333333333334,240.33333333333334,240.33333333333334,240.33333333333334,240.33333333333334,240.33333333333334,240.33333333333334,240.33333333333334,240.33333333333334,240.33333333333334,240.33333333333334,240.33333333333334,240.33333333333334,240.33333333333334,240.33333333333334,240.33333333333334,240.33333333333334,240.33333333333334,240.33333333333334,240.33333333333334,240.33333333333334,240.33333333333334,240.33333333333334,240.33333333333334,240.33333333333334,240.33333333333334,240.33333333333334,240.33333333333334,240.33333333333334,240.33333333333334,240.33333333333334,240.33333333333334,240.33333333333334,240.33333333333334,240.33333333333334,240.33333333333334,240.33333333333334,240.33333333333334,240.33333333333334,240.33333333333334,240.33333333333334,240.33333333333334,240.33333333333334,240.33333333333334,240.33333333333334,240.33333333333334,240.33333333333334,240.33333333333334,240.33333333333334,240.33333333333334,240.33333333333334,240.33333333333334,240.33333333333334,240.33333333333334,240.33333333333334,240.33333333333334,240.33333333333334,240.33333333333334,240.33333333333334,240.33333333333334,240.33333333333334,240.33333333333334,240.33333333333334,240.33333333333334,240.33333333333334,240.33333333333334,240.33333333333334,240.33333333333334,240.33333333333334,240.33333333333334,240.33333333333334,240.33333333333334,240.33333333333334,240.33333333333334,240.33333333333334,240.33333333333334,240.33333333333334,240.0,240.0,240.33333333333334,240.33333333333334,240.0,240.0,239.33333333333334,239.33333333333334,221.0,214.0,178.66666666666666,138.66666666666666,130.66666666666666,135.66666666666666,135.66666666666666,135.66666666666666,137.66666666666666,136.66666666666666,135.66666666666666,133.66666666666666,131.66666666666666,129.66666666666666,143.66666666666666,139.66666666666666,135.66666666666666,136.66666666666666,140.66666666666666,142.66666666666666,140.66666666666666,137.66666666666666,132.66666666666666,133.66666666666666,134.66666666666666,134.66666666666666,132.66666666666666,132.66666666666666,134.66666666666666,135.66666666666666,138.66666666666666,134.66666666666666,130.66666666666666,128.66666666666666,127.0,127.0,125.66666666666667,123.66666666666667,120.33333333333333,98.33333333333333,120.33333333333333,81.33333333333333,56.0,62.0,65.33333333333333,144.33333333333334,196.0,222.66666666666666,235.0,231.0,229.66666666666666,227.66666666666666,227.0,233.0,239.66666666666666,239.66666666666666,240.0,240.0,240.33333333333334,240.33333333333334,240.33333333333334,240.33333333333334,240.33333333333334,240.33333333333334,240.33333333333334,240.33333333333334,240.33333333333334,240.33333333333334,240.33333333333334,240.33333333333334,240.33333333333334,240.33333333333334,240.33333333333334,240.33333333333334,240.33333333333334,240.33333333333334,240.33333333333334,240.33333333333334,240.33333333333334,240.33333333333334,240.33333333333334,240.33333333333334,240.33333333333334,240.33333333333334,240.33333333333334,240.33333333333334,240.33333333333334,240.33333333333334,240.33333333333334,240.33333333333334,240.33333333333334,240.33333333333334,240.33333333333334,240.33333333333334,240.33333333333334,240.33333333333334,240.33333333333334,240.33333333333334,240.33333333333334,240.33333333333334,240.33333333333334,240.33333333333334,240.33333333333334,240.33333333333334,240.33333333333334,240.33333333333334,240.33333333333334,240.33333333333334,240.33333333333334,240.33333333333334,240.33333333333334,240.33333333333334,240.33333333333334,240.33333333333334,240.33333333333334,240.33333333333334,240.33333333333334,240.33333333333334,240.33333333333334,240.33333333333334,240.33333333333334,240.33333333333334,240.33333333333334,240.33333333333334,240.33333333333334,240.33333333333334,240.33333333333334,240.33333333333334,240.33333333333334,240.33333333333334,240.33333333333334,240.33333333333334,240.33333333333334,240.33333333333334,240.33333333333334,240.33333333333334,240.33333333333334,240.33333333333334,240.33333333333334,240.33333333333334,240.33333333333334,240.33333333333334,240.0,240.0,240.33333333333334,240.33333333333334,240.0,240.0,239.33333333333334,239.33333333333334,224.0,213.66666666666666,179.33333333333334,145.66666666666666,138.33333333333334,138.66666666666666,136.66666666666666,138.66666666666666,135.66666666666666,134.66666666666666,133.66666666666666,131.66666666666666,130.66666666666666,128.66666666666666,143.66666666666666,141.66666666666666,140.66666666666666,139.66666666666666,140.66666666666666,141.66666666666666,142.66666666666666,142.66666666666666,131.66666666666666,132.66666666666666,133.66666666666666,133.66666666666666,133.66666666666666,133.66666666666666,135.66666666666666,136.66666666666666,140.66666666666666,136.66666666666666,130.66666666666666,128.66666666666666,128.0,128.0,126.66666666666667,125.66666666666667,126.33333333333333,96.33333333333333,103.33333333333333,77.33333333333333,63.0,62.0,61.333333333333336,122.33333333333333,192.0,219.66666666666666,232.66666666666666,230.66666666666666,232.0,229.0,224.66666666666666,227.66666666666666,239.0,239.66666666666666,240.0,240.0,240.0,240.0,240.33333333333334,240.33333333333334,240.33333333333334,240.33333333333334,240.33333333333334,240.33333333333334,240.33333333333334,240.33333333333334,240.33333333333334,240.33333333333334,240.33333333333334,240.33333333333334,240.33333333333334,240.33333333333334,240.33333333333334,240.33333333333334,240.33333333333334,240.33333333333334,240.33333333333334,240.33333333333334,240.33333333333334,240.33333333333334,240.33333333333334,240.33333333333334,240.33333333333334,240.33333333333334,240.33333333333334,240.33333333333334,240.33333333333334,240.33333333333334,240.33333333333334,240.33333333333334,240.33333333333334,240.33333333333334,240.33333333333334,240.33333333333334,240.33333333333334,240.33333333333334,240.33333333333334,240.33333333333334,240.33333333333334,240.33333333333334,240.33333333333334,240.33333333333334,240.33333333333334,240.33333333333334,240.33333333333334,240.33333333333334,240.33333333333334,240.33333333333334,240.33333333333334,240.33333333333334,240.33333333333334,240.33333333333334,240.33333333333334,240.33333333333334,240.33333333333334,240.33333333333334,240.33333333333334,240.33333333333334,240.33333333333334,240.33333333333334,240.33333333333334,240.33333333333334,240.33333333333334,240.33333333333334,240.33333333333334,240.33333333333334,240.33333333333334,240.33333333333334,240.33333333333334,240.33333333333334,240.33333333333334,240.33333333333334,240.33333333333334,240.33333333333334,240.33333333333334,240.33333333333334,240.33333333333334,240.33333333333334,240.33333333333334,240.33333333333334,240.0,240.0,240.33333333333334,240.33333333333334,240.0,239.66666666666666,239.33333333333334,239.33333333333334,225.0,209.66666666666666,176.33333333333334,151.66666666666666,146.33333333333334,140.66666666666666,134.66666666666666,138.66666666666666,132.66666666666666,132.66666666666666,131.66666666666666,131.66666666666666,131.66666666666666,131.66666666666666,142.66666666666666,144.66666666666666,145.66666666666666,143.66666666666666,140.66666666666666,140.66666666666666,144.66666666666666,148.66666666666666,133.66666666666666,133.66666666666666,133.66666666666666,133.66666666666666,133.66666666666666,134.66666666666666,136.66666666666666,137.66666666666666,141.66666666666666,136.66666666666666,130.66666666666666,128.66666666666666,128.0,130.0,128.66666666666666,127.66666666666667,124.33333333333333,90.33333333333333,85.33333333333333,71.33333333333333,66.0,60.0,55.333333333333336,100.33333333333333,191.0,217.66666666666666,231.66666666666666,231.66666666666666,234.0,230.0,223.66666666666666,223.66666666666666,239.0,239.0,239.66666666666666,240.0,240.0,240.0,240.33333333333334,240.33333333333334,240.33333333333334,240.33333333333334,240.33333333333334,240.33333333333334,240.33333333333334,240.33333333333334,240.33333333333334,240.33333333333334,240.33333333333334,240.33333333333334,240.33333333333334,240.33333333333334,240.33333333333334,240.33333333333334,240.33333333333334,240.33333333333334,240.33333333333334,240.33333333333334,240.33333333333334,240.33333333333334,240.33333333333334,240.33333333333334,240.33333333333334,240.33333333333334,240.33333333333334,240.33333333333334,240.33333333333334,240.33333333333334,240.33333333333334,240.33333333333334,240.33333333333334,240.33333333333334,240.33333333333334,240.33333333333334,240.33333333333334,240.33333333333334,240.33333333333334,240.33333333333334,240.33333333333334,240.33333333333334,240.33333333333334,240.33333333333334,240.33333333333334,240.33333333333334,240.33333333333334,240.33333333333334,240.33333333333334,240.33333333333334,240.33333333333334,240.33333333333334,240.33333333333334,240.33333333333334,240.33333333333334,240.33333333333334,240.33333333333334,240.33333333333334,240.33333333333334,240.33333333333334,240.33333333333334,240.33333333333334,240.33333333333334,240.33333333333334,240.33333333333334,240.33333333333334,240.33333333333334,240.33333333333334,240.33333333333334,240.33333333333334,240.33333333333334,240.33333333333334,240.33333333333334,240.33333333333334,240.33333333333334,240.33333333333334,240.33333333333334,240.33333333333334,240.33333333333334,240.33333333333334,240.33333333333334,240.33333333333334,240.0,239.66666666666666,240.33333333333334,240.0,239.66666666666666,239.66666666666666,239.33333333333334,239.33333333333334,224.0,204.66666666666666,172.33333333333334,152.66666666666666,148.33333333333334,138.33333333333334,131.66666666666666,136.66666666666666,129.66666666666666,130.66666666666666,130.66666666666666,131.66666666666666,132.66666666666666,134.66666666666666,141.66666666666666,141.66666666666666,141.66666666666666,140.66666666666666,140.66666666666666,139.66666666666666,139.66666666666666,139.66666666666666,130.66666666666666,131.66666666666666,132.66666666666666,133.66666666666666,135.66666666666666,136.66666666666666,137.66666666666666,138.66666666666666,131.66666666666666,131.66666666666666,132.66666666666666,133.66666666666666,133.0,130.0,125.66666666666667,122.66666666666667,128.33333333333334,108.33333333333333,83.33333333333333,64.33333333333333,67.0,59.0,55.333333333333336,88.33333333333333,178.0,209.33333333333334,232.66666666666666,229.66666666666666,223.66666666666666,236.0,228.66666666666666,191.66666666666666,235.0,233.0,241.66666666666666,243.66666666666666,240.0,229.0,253.66666666666666,234.0,240.33333333333334,240.33333333333334,240.33333333333334,240.33333333333334,240.33333333333334,240.33333333333334,240.33333333333334,240.33333333333334,240.33333333333334,240.33333333333334,240.33333333333334,240.33333333333334,240.33333333333334,240.33333333333334,240.33333333333334,240.33333333333334,240.33333333333334,240.33333333333334,240.33333333333334,240.33333333333334,240.33333333333334,240.33333333333334,240.33333333333334,240.33333333333334,240.33333333333334,240.33333333333334,240.33333333333334,240.33333333333334,240.33333333333334,240.33333333333334,240.33333333333334,240.33333333333334,240.33333333333334,240.33333333333334,240.33333333333334,240.33333333333334,240.33333333333334,240.33333333333334,240.33333333333334,240.33333333333334,240.33333333333334,240.33333333333334,240.33333333333334,240.33333333333334,240.33333333333334,240.33333333333334,240.33333333333334,240.33333333333334,240.33333333333334,240.33333333333334,240.33333333333334,240.33333333333334,240.33333333333334,240.33333333333334,240.33333333333334,240.33333333333334,240.33333333333334,240.33333333333334,240.33333333333334,240.33333333333334,240.33333333333334,240.33333333333334,240.33333333333334,240.33333333333334,240.33333333333334,240.33333333333334,240.33333333333334,240.33333333333334,240.33333333333334,240.33333333333334,240.33333333333334,240.33333333333334,240.33333333333334,240.33333333333334,240.33333333333334,240.33333333333334,240.33333333333334,240.33333333333334,240.33333333333334,240.33333333333334,238.66666666666666,239.66666666666666,241.33333333333334,241.0,238.66666666666666,236.66666666666666,236.0,236.0,221.0,212.66666666666666,164.33333333333334,156.66666666666666,148.33333333333334,122.33333333333333,136.66666666666666,138.33333333333334,133.66666666666666,133.66666666666666,134.66666666666666,136.66666666666666,138.66666666666666,138.66666666666666,141.66666666666666,141.66666666666666,141.66666666666666,141.66666666666666,141.66666666666666,140.66666666666666,140.66666666666666,140.66666666666666,135.66666666666666,135.66666666666666,134.66666666666666,134.66666666666666,134.66666666666666,133.66666666666666,133.66666666666666,133.66666666666666,133.66666666666666,132.66666666666666,131.66666666666666,131.66666666666666,131.0,130.0,127.66666666666667,126.66666666666667,126.33333333333333,118.33333333333333,82.33333333333333,58.333333333333336,65.0,64.0,67.33333333333333,80.33333333333333,165.0,208.33333333333334,227.66666666666666,232.66666666666666,228.66666666666666,230.66666666666666,231.0,189.66666666666666,188.0,238.0,239.66666666666666,229.66666666666666,246.0,240.0,221.0,249.0,240.33333333333334,240.33333333333334,240.33333333333334,240.33333333333334,240.33333333333334,240.33333333333334,240.33333333333334,240.33333333333334,240.33333333333334,240.33333333333334,240.33333333333334,240.33333333333334,240.33333333333334,240.33333333333334,240.33333333333334,240.33333333333334,240.33333333333334,240.33333333333334,240.33333333333334,240.33333333333334,240.33333333333334,240.33333333333334,240.33333333333334,240.33333333333334,240.33333333333334,240.33333333333334,240.33333333333334,240.33333333333334,240.33333333333334,240.33333333333334,240.33333333333334,240.33333333333334,240.33333333333334,240.33333333333334,240.33333333333334,240.33333333333334,240.33333333333334,240.33333333333334,240.33333333333334,240.33333333333334,240.33333333333334,240.33333333333334,240.33333333333334,240.33333333333334,240.33333333333334,240.33333333333334,240.33333333333334,240.33333333333334,240.33333333333334,240.33333333333334,240.33333333333334,240.33333333333334,240.33333333333334,240.33333333333334,240.33333333333334,240.33333333333334,240.33333333333334,240.33333333333334,240.33333333333334,240.33333333333334,240.33333333333334,240.33333333333334,240.33333333333334,240.33333333333334,240.33333333333334,240.33333333333334,240.33333333333334,240.33333333333334,240.33333333333334,240.33333333333334,240.33333333333334,240.33333333333334,240.33333333333334,240.33333333333334,240.33333333333334,240.33333333333334,240.33333333333334,240.33333333333334,240.33333333333334,240.33333333333334,238.66666666666666,239.33333333333334,241.0,240.66666666666666,239.66666666666666,237.66666666666666,237.0,236.0,216.0,205.66666666666666,157.0,154.66666666666666,153.33333333333334,129.33333333333334,143.66666666666666,145.33333333333334,137.66666666666666,137.66666666666666,138.66666666666666,139.66666666666666,141.66666666666666,140.66666666666666,139.66666666666666,139.66666666666666,139.66666666666666,139.66666666666666,139.66666666666666,139.66666666666666,139.66666666666666,140.66666666666666,136.66666666666666,136.66666666666666,135.66666666666666,134.66666666666666,133.66666666666666,132.66666666666666,131.66666666666666,131.66666666666666,135.66666666666666,134.66666666666666,132.66666666666666,130.66666666666666,129.0,130.0,130.66666666666666,131.66666666666666,125.33333333333333,130.33333333333334,76.33333333333333,53.333333333333336,65.0,67.0,80.33333333333333,71.33333333333333,145.0,208.33333333333334,219.33333333333334,235.33333333333334,233.66666666666666,224.66666666666666,236.0,191.0,166.66666666666666,231.66666666666666,235.0,246.0,234.66666666666666,242.66666666666666,235.0,240.0,240.33333333333334,240.33333333333334,240.33333333333334,240.33333333333334,240.33333333333334,240.33333333333334,240.33333333333334,240.33333333333334,240.33333333333334,240.33333333333334,240.33333333333334,240.33333333333334,240.33333333333334,240.33333333333334,240.33333333333334,240.33333333333334,240.33333333333334,240.33333333333334,240.33333333333334,240.33333333333334,240.33333333333334,240.33333333333334,240.33333333333334,240.33333333333334,240.33333333333334,240.33333333333334,240.33333333333334,240.33333333333334,240.33333333333334,240.33333333333334,240.33333333333334,240.33333333333334,240.33333333333334,240.33333333333334,240.33333333333334,240.33333333333334,240.33333333333334,240.33333333333334,240.33333333333334,240.33333333333334,240.33333333333334,240.33333333333334,240.33333333333334,240.33333333333334,240.33333333333334,240.33333333333334,240.33333333333334,240.33333333333334,240.33333333333334,240.33333333333334,240.33333333333334,240.33333333333334,240.33333333333334,240.33333333333334,240.33333333333334,240.33333333333334,240.33333333333334,240.33333333333334,240.33333333333334,240.33333333333334,240.33333333333334,240.33333333333334,240.33333333333334,240.33333333333334,240.33333333333334,240.33333333333334,240.33333333333334,240.33333333333334,240.33333333333334,240.33333333333334,240.33333333333334,240.33333333333334,240.33333333333334,240.33333333333334,240.33333333333334,240.33333333333334,240.33333333333334,240.33333333333334,240.33333333333334,240.33333333333334,238.33333333333334,239.33333333333334,241.0,240.66666666666666,240.66666666666666,239.33333333333334,237.0,236.0,215.66666666666666,200.66666666666666,150.0,150.66666666666666,151.33333333333334,126.33333333333333,135.66666666666666,134.33333333333334,132.66666666666666,132.66666666666666,133.66666666666666,136.66666666666666,139.66666666666666,139.66666666666666,136.66666666666666,136.66666666666666,136.66666666666666,136.66666666666666,137.66666666666666,137.66666666666666,137.66666666666666,137.66666666666666,134.66666666666666,134.66666666666666,133.66666666666666,133.66666666666666,133.66666666666666,133.66666666666666,133.66666666666666,133.66666666666666,133.66666666666666,134.66666666666666,134.66666666666666,132.66666666666666,131.0,130.0,130.66666666666666,131.66666666666666,127.33333333333333,135.33333333333334,68.33333333333333,52.333333333333336,67.0,65.0,85.33333333333333,67.33333333333333,128.0,207.33333333333334,213.33333333333334,234.33333333333334,234.66666666666666,219.66666666666666,241.0,200.0,152.66666666666666,233.66666666666666,229.0,245.0,235.66666666666666,238.66666666666666,253.66666666666666,228.0,240.33333333333334,240.33333333333334,240.33333333333334,240.33333333333334,240.33333333333334,240.33333333333334,240.33333333333334,240.33333333333334,240.33333333333334,240.33333333333334,240.33333333333334,240.33333333333334,240.33333333333334,240.33333333333334,240.33333333333334,240.33333333333334,240.33333333333334,240.33333333333334,240.33333333333334,240.33333333333334,240.33333333333334,240.33333333333334,240.33333333333334,240.33333333333334,240.33333333333334,240.33333333333334,240.33333333333334,240.33333333333334,240.33333333333334,240.33333333333334,240.33333333333334,240.33333333333334,240.33333333333334,240.33333333333334,240.33333333333334,240.33333333333334,240.33333333333334,240.33333333333334,240.33333333333334,240.33333333333334,240.33333333333334,240.33333333333334,240.33333333333334,240.33333333333334,240.33333333333334,240.33333333333334,240.33333333333334,240.33333333333334,240.33333333333334,240.33333333333334,240.33333333333334,240.33333333333334,240.33333333333334,240.33333333333334,240.33333333333334,240.33333333333334,240.33333333333334,240.33333333333334,240.33333333333334,240.33333333333334,240.33333333333334,240.33333333333334,240.33333333333334,240.33333333333334,240.33333333333334,240.33333333333334,240.33333333333334,240.33333333333334,240.33333333333334,240.33333333333334,240.33333333333334,240.33333333333334,240.33333333333334,240.33333333333334,240.33333333333334,240.33333333333334,240.33333333333334,240.33333333333334,240.33333333333334,240.33333333333334,238.33333333333334,238.33333333333334,239.66666666666666,240.66666666666666,241.33333333333334,240.33333333333334,237.0,235.0,216.66666666666666,196.0,144.0,148.33333333333334,153.33333333333334,128.0,134.33333333333334,129.33333333333334,127.66666666666667,128.66666666666666,129.66666666666666,133.66666666666666,138.66666666666666,140.66666666666666,137.66666666666666,137.66666666666666,137.66666666666666,137.66666666666666,137.66666666666666,137.66666666666666,137.66666666666666,137.66666666666666,134.66666666666666,134.66666666666666,133.66666666666666,133.66666666666666,133.66666666666666,132.66666666666666,132.66666666666666,132.66666666666666,130.66666666666666,133.66666666666666,136.66666666666666,136.66666666666666,133.0,130.0,128.66666666666666,129.66666666666666,131.33333333333334,132.33333333333334,65.33333333333333,56.333333333333336,70.0,61.0,81.33333333333333,70.33333333333333,114.33333333333333,202.66666666666666,210.33333333333334,229.33333333333334,231.33333333333334,216.66666666666666,243.0,213.0,118.66666666666667,211.66666666666666,238.0,214.0,245.66666666666666,241.66666666666666,234.66666666666666,240.0,240.33333333333334,240.33333333333334,240.33333333333334,240.33333333333334,240.33333333333334,240.33333333333334,240.33333333333334,240.33333333333334,240.33333333333334,240.33333333333334,240.33333333333334,240.33333333333334,240.33333333333334,240.33333333333334,240.33333333333334,240.33333333333334,240.33333333333334,240.33333333333334,240.33333333333334,240.33333333333334,240.33333333333334,240.33333333333334,240.33333333333334,240.33333333333334,240.33333333333334,240.33333333333334,240.33333333333334,240.33333333333334,240.33333333333334,240.33333333333334,240.33333333333334,240.33333333333334,240.33333333333334,240.33333333333334,240.33333333333334,240.33333333333334,240.33333333333334,240.33333333333334,240.33333333333334,240.33333333333334,240.33333333333334,240.33333333333334,240.33333333333334,240.33333333333334,240.33333333333334,240.33333333333334,240.33333333333334,240.33333333333334,240.33333333333334,240.33333333333334,240.33333333333334,240.33333333333334,240.33333333333334,240.33333333333334,240.33333333333334,240.33333333333334,240.33333333333334,240.33333333333334,240.33333333333334,240.33333333333334,240.33333333333334,240.33333333333334,240.33333333333334,240.33333333333334,240.33333333333334,240.33333333333334,240.33333333333334,240.33333333333334,240.33333333333334,240.33333333333334,240.33333333333334,240.33333333333334,240.33333333333334,240.33333333333334,240.33333333333334,240.33333333333334,240.33333333333334,240.33333333333334,240.33333333333334,240.33333333333334,239.33333333333334,238.33333333333334,238.66666666666666,240.66666666666666,241.33333333333334,240.33333333333334,234.66666666666666,230.66666666666666,211.66666666666666,190.0,140.0,151.33333333333334,163.33333333333334,139.0,146.33333333333334,142.0,134.66666666666666,134.66666666666666,134.66666666666666,137.66666666666666,140.66666666666666,142.66666666666666,140.66666666666666,140.66666666666666,140.66666666666666,139.66666666666666,139.66666666666666,138.66666666666666,138.66666666666666,138.66666666666666,137.66666666666666,136.66666666666666,135.66666666666666,133.66666666666666,132.66666666666666,130.66666666666666,129.66666666666666,128.66666666666666,129.66666666666666,133.66666666666666,137.66666666666666,137.66666666666666,133.0,128.0,126.66666666666667,126.66666666666667,131.33333333333334,129.33333333333334,74.33333333333333,58.333333333333336,69.0,63.0,76.33333333333333,74.33333333333333,103.33333333333333,194.66666666666666,211.33333333333334,221.33333333333334,226.33333333333334,216.33333333333334,237.66666666666666,224.0,117.66666666666667,129.66666666666666,242.0,220.0,227.66666666666666,245.66666666666666,224.66666666666666,248.66666666666666,240.33333333333334,240.33333333333334,240.33333333333334,240.33333333333334,240.33333333333334,240.33333333333334,240.33333333333334,240.33333333333334,240.33333333333334,240.33333333333334,240.33333333333334,240.33333333333334,240.33333333333334,240.33333333333334,240.33333333333334,240.33333333333334,240.33333333333334,240.33333333333334,240.33333333333334,240.33333333333334,240.33333333333334,240.33333333333334,240.33333333333334,240.33333333333334,240.33333333333334,240.33333333333334,240.33333333333334,240.33333333333334,240.33333333333334,240.33333333333334,240.33333333333334,240.33333333333334,240.33333333333334,240.33333333333334,240.33333333333334,240.33333333333334,240.33333333333334,240.33333333333334,240.33333333333334,240.33333333333334,240.33333333333334,240.33333333333334,240.33333333333334,240.33333333333334,240.33333333333334,240.33333333333334,240.33333333333334,240.33333333333334,240.33333333333334,240.33333333333334,240.33333333333334,240.33333333333334,240.33333333333334,240.33333333333334,240.33333333333334,240.33333333333334,240.33333333333334,240.33333333333334,240.33333333333334,240.33333333333334,240.33333333333334,240.33333333333334,240.33333333333334,240.33333333333334,240.33333333333334,240.33333333333334,240.33333333333334,240.33333333333334,240.33333333333334,240.33333333333334,240.33333333333334,240.33333333333334,240.33333333333334,240.33333333333334,240.33333333333334,240.33333333333334,240.33333333333334,240.33333333333334,240.33333333333334,240.33333333333334,239.33333333333334,238.33333333333334,237.66666666666666,239.66666666666666,240.33333333333334,238.33333333333334,231.66666666666666,226.66666666666666,207.66666666666666,185.0,137.0,150.33333333333334,162.0,137.0,142.33333333333334,139.0,139.66666666666666,137.66666666666666,136.66666666666666,136.66666666666666,137.66666666666666,137.66666666666666,140.66666666666666,140.66666666666666,139.66666666666666,138.66666666666666,137.66666666666666,136.66666666666666,135.66666666666666,135.66666666666666,136.66666666666666,135.66666666666666,134.66666666666666,133.66666666666666,131.66666666666666,130.66666666666666,129.66666666666666,129.66666666666666,131.66666666666666,135.66666666666666,137.66666666666666,135.66666666666666,129.0,125.0,124.66666666666667,126.66666666666667,127.33333333333333,131.33333333333334,94.33333333333333,58.333333333333336,63.0,73.0,75.33333333333333,77.33333333333333,93.33333333333333,182.66666666666666,213.66666666666666,214.66666666666666,220.33333333333334,217.33333333333334,226.66666666666666,230.0,153.66666666666666,72.66666666666667,183.0,242.0,211.66666666666666,233.66666666666666,243.66666666666666,239.66666666666666,240.33333333333334,240.33333333333334,240.33333333333334,240.33333333333334,240.33333333333334,240.33333333333334,240.33333333333334,240.33333333333334,240.33333333333334,240.33333333333334,240.33333333333334,240.33333333333334,240.33333333333334,240.33333333333334,240.33333333333334,240.33333333333334,240.33333333333334,240.33333333333334,240.33333333333334,240.33333333333334,240.33333333333334,240.33333333333334,240.33333333333334,240.33333333333334,240.33333333333334,240.33333333333334,240.33333333333334,240.33333333333334,240.33333333333334,240.33333333333334,240.33333333333334,240.33333333333334,240.33333333333334,240.33333333333334,240.33333333333334,240.33333333333334,240.33333333333334,240.33333333333334,240.33333333333334,240.33333333333334,240.33333333333334,240.33333333333334,240.33333333333334,240.33333333333334,240.33333333333334,240.33333333333334,240.33333333333334,240.33333333333334,240.33333333333334,240.33333333333334,240.33333333333334,240.33333333333334,240.33333333333334,240.33333333333334,240.33333333333334,240.33333333333334,240.33333333333334,240.33333333333334,240.33333333333334,240.33333333333334,240.33333333333334,240.33333333333334,240.33333333333334,240.33333333333334,240.33333333333334,240.33333333333334,240.33333333333334,240.33333333333334,240.33333333333334,240.33333333333334,240.33333333333334,240.33333333333334,240.33333333333334,240.33333333333334,240.33333333333334,240.33333333333334,240.33333333333334,240.33333333333334,240.33333333333334,240.33333333333334,240.33333333333334,238.33333333333334,236.66666666666666,238.66666666666666,239.33333333333334,236.33333333333334,228.66666666666666,221.66666666666666,202.66666666666666,180.0,132.0,146.33333333333334,156.0,127.0,132.33333333333334,130.0,137.66666666666666,135.66666666666666,133.66666666666666,133.66666666666666,134.66666666666666,135.66666666666666,138.66666666666666,137.66666666666666,136.66666666666666,135.66666666666666,133.66666666666666,131.66666666666666,130.66666666666666,130.66666666666666,131.66666666666666,131.66666666666666,131.66666666666666,132.66666666666666,132.66666666666666,133.66666666666666,133.66666666666666,133.66666666666666,134.66666666666666,136.66666666666666,137.66666666666666,132.66666666666666,125.0,122.0,123.66666666666667,127.66666666666667,122.0,135.33333333333334,109.0,56.333333333333336,58.0,82.0,77.66666666666667,76.66666666666667,86.0,174.33333333333334,216.33333333333334,212.33333333333334,218.66666666666666,219.66666666666666,218.66666666666666,231.0,173.66666666666666,87.66666666666667,93.0,228.0,229.0,214.0,242.66666666666666,231.66666666666666,239.66666666666666,240.33333333333334,240.33333333333334,240.33333333333334,240.33333333333334,240.33333333333334,240.33333333333334,240.33333333333334,240.33333333333334,240.33333333333334,240.33333333333334,240.33333333333334,240.33333333333334,240.33333333333334,240.33333333333334,240.33333333333334,240.33333333333334,240.33333333333334,240.33333333333334,240.33333333333334,240.33333333333334,240.33333333333334,240.33333333333334,240.33333333333334,240.33333333333334,240.33333333333334,240.33333333333334,240.33333333333334,240.33333333333334,240.33333333333334,240.33333333333334,240.33333333333334,240.33333333333334,240.33333333333334,240.33333333333334,240.33333333333334,240.33333333333334,240.33333333333334,240.33333333333334,240.33333333333334,240.33333333333334,240.33333333333334,240.33333333333334,240.33333333333334,240.33333333333334,240.33333333333334,240.33333333333334,240.33333333333334,240.33333333333334,240.33333333333334,240.33333333333334,240.33333333333334,240.33333333333334,240.33333333333334,240.33333333333334,240.33333333333334,240.33333333333334,240.33333333333334,240.33333333333334,240.33333333333334,240.33333333333334,240.33333333333334,240.33333333333334,240.33333333333334,240.33333333333334,240.33333333333334,240.33333333333334,240.33333333333334,240.33333333333334,240.33333333333334,240.33333333333334,240.33333333333334,240.33333333333334,240.33333333333334,240.33333333333334,240.33333333333334,240.33333333333334,240.33333333333334,240.33333333333334,240.33333333333334,241.33333333333334,238.33333333333334,236.66666666666666,237.66666666666666,238.33333333333334,235.0,225.66666666666666,218.66666666666666,192.66666666666666,172.0,127.0,145.33333333333334,157.66666666666666,131.33333333333334,137.66666666666666,138.66666666666666,135.66666666666666,134.66666666666666,133.66666666666666,135.66666666666666,138.66666666666666,141.66666666666666,132.66666666666666,134.66666666666666,135.66666666666666,134.66666666666666,132.66666666666666,131.66666666666666,132.66666666666666,133.66666666666666,140.66666666666666,135.66666666666666,130.66666666666666,128.66666666666666,129.66666666666666,133.66666666666666,136.66666666666666,137.66666666666666,135.66666666666666,134.66666666666666,133.66666666666666,133.66666666666666,133.0,131.0,126.66666666666667,122.66666666666667,124.66666666666667,120.0,117.33333333333333,74.0,64.33333333333333,66.0,93.0,83.66666666666667,80.0,158.0,211.0,210.0,221.0,206.0,220.0,227.66666666666666,178.66666666666666,90.66666666666667,81.66666666666667,136.66666666666666,233.66666666666666,233.66666666666666,216.0,244.0,233.0,237.0,241.0,241.0,238.0,237.0,240.0,244.0,237.0,243.0,243.0,238.0,237.0,241.0,241.0,237.0,241.33333333333334,241.33333333333334,241.33333333333334,240.33333333333334,240.33333333333334,239.33333333333334,239.33333333333334,238.33333333333334,240.33333333333334,240.33333333333334,240.33333333333334,240.33333333333334,240.33333333333334,240.33333333333334,240.33333333333334,240.33333333333334,240.33333333333334,240.33333333333334,240.33333333333334,240.33333333333334,240.33333333333334,240.33333333333334,240.33333333333334,240.33333333333334,240.33333333333334,240.33333333333334,240.33333333333334,240.33333333333334,240.33333333333334,240.33333333333334,240.33333333333334,240.33333333333334,240.33333333333334,240.33333333333334,240.33333333333334,240.33333333333334,240.33333333333334,240.33333333333334,240.33333333333334,240.33333333333334,240.33333333333334,240.33333333333334,240.33333333333334,240.33333333333334,240.33333333333334,240.33333333333334,240.33333333333334,240.33333333333334,241.33333333333334,241.33333333333334,241.33333333333334,241.33333333333334,241.33333333333334,241.33333333333334,241.33333333333334,241.33333333333334,237.33333333333334,238.33333333333334,238.33333333333334,238.33333333333334,237.33333333333334,238.33333333333334,240.33333333333334,241.33333333333334,232.0,252.66666666666666,243.33333333333334,229.33333333333334,239.0,238.0,215.66666666666666,205.66666666666666,183.66666666666666,169.66666666666666,116.66666666666667,142.0,158.33333333333334,122.66666666666667,132.0,134.0,129.66666666666666,131.33333333333334,133.33333333333334,134.33333333333334,133.33333333333334,132.33333333333334,136.66666666666666,137.66666666666666,138.66666666666666,137.66666666666666,135.66666666666666,134.66666666666666,135.66666666666666,137.66666666666666,130.66666666666666,127.66666666666667,123.66666666666667,122.66666666666667,124.66666666666667,127.66666666666667,129.66666666666666,130.66666666666666,132.66666666666666,130.66666666666666,128.66666666666666,128.66666666666666,130.0,131.0,129.66666666666666,127.66666666666667,124.66666666666667,124.66666666666667,122.33333333333333,74.33333333333333,62.333333333333336,73.33333333333333,100.0,82.33333333333333,75.66666666666667,154.66666666666666,213.66666666666666,209.66666666666666,218.66666666666666,205.66666666666666,217.66666666666666,219.66666666666666,204.66666666666666,113.66666666666667,85.66666666666667,103.66666666666667,168.66666666666666,244.66666666666666,235.66666666666666,233.0,240.66666666666666,247.0,241.0,231.0,237.0,252.0,247.0,229.0,241.0,240.0,237.0,235.0,240.0,247.0,244.0,237.0,242.33333333333334,241.33333333333334,241.33333333333334,241.33333333333334,240.33333333333334,240.33333333333334,239.33333333333334,239.33333333333334,240.33333333333334,240.33333333333334,240.33333333333334,240.33333333333334,240.33333333333334,240.33333333333334,240.33333333333334,240.33333333333334,240.33333333333334,240.33333333333334,240.33333333333334,240.33333333333334,240.33333333333334,240.33333333333334,240.33333333333334,240.33333333333334,240.33333333333334,240.33333333333334,240.33333333333334,240.33333333333334,240.33333333333334,240.33333333333334,240.33333333333334,240.33333333333334,240.33333333333334,240.33333333333334,240.33333333333334,240.33333333333334,240.33333333333334,240.33333333333334,240.33333333333334,240.33333333333334,240.33333333333334,240.33333333333334,240.33333333333334,240.33333333333334,240.33333333333334,240.33333333333334,240.33333333333334,240.33333333333334,240.33333333333334,240.33333333333334,240.33333333333334,240.33333333333334,240.33333333333334,240.33333333333334,240.33333333333334,240.33333333333334,240.33333333333334,241.33333333333334,241.33333333333334,240.33333333333334,239.33333333333334,239.33333333333334,240.33333333333334,241.33333333333334,248.0,226.0,239.33333333333334,247.33333333333334,222.0,218.0,215.66666666666666,184.66666666666666,193.66666666666666,138.66666666666666,117.66666666666667,148.66666666666666,151.0,130.0,134.33333333333334,137.66666666666666,130.66666666666666,133.33333333333334,137.33333333333334,138.33333333333334,136.33333333333334,133.33333333333334,137.66666666666666,138.66666666666666,139.66666666666666,138.66666666666666,136.66666666666666,135.66666666666666,136.66666666666666,137.66666666666666,129.66666666666666,127.66666666666667,124.66666666666667,125.66666666666667,127.66666666666667,129.66666666666666,130.66666666666666,130.66666666666666,132.66666666666666,129.66666666666666,126.66666666666667,125.66666666666667,126.0,128.0,128.66666666666666,128.66666666666666,124.66666666666667,126.66666666666667,125.33333333333333,78.33333333333333,59.333333333333336,76.33333333333333,103.0,81.33333333333333,62.666666666666664,141.66666666666666,211.66666666666666,206.66666666666666,212.66666666666666,205.66666666666666,213.66666666666666,211.66666666666666,196.66666666666666,120.66666666666667,90.66666666666667,103.66666666666667,138.66666666666666,244.66666666666666,245.66666666666666,230.0,229.66666666666666,224.0,231.0,249.0,250.0,236.0,234.0,244.0,234.0,241.0,244.0,240.0,236.0,238.0,243.0,245.0,242.33333333333334,242.33333333333334,242.33333333333334,241.33333333333334,241.33333333333334,241.33333333333334,240.33333333333334,240.33333333333334,240.33333333333334,240.33333333333334,240.33333333333334,240.33333333333334,240.33333333333334,240.33333333333334,240.33333333333334,240.33333333333334,241.0,241.0,241.0,241.0,241.0,241.0,241.0,241.0,241.0,241.0,241.0,241.0,241.0,241.0,241.0,241.0,240.33333333333334,240.33333333333334,240.33333333333334,240.33333333333334,240.33333333333334,240.33333333333334,240.33333333333334,240.33333333333334,240.33333333333334,240.33333333333334,240.33333333333334,240.33333333333334,240.33333333333334,240.33333333333334,240.33333333333334,240.33333333333334,240.33333333333334,240.33333333333334,240.33333333333334,239.33333333333334,239.33333333333334,239.33333333333334,239.33333333333334,239.33333333333334,242.33333333333334,241.33333333333334,241.33333333333334,241.33333333333334,241.33333333333334,240.33333333333334,240.33333333333334,240.33333333333334,235.33333333333334,242.33333333333334,234.33333333333334,225.33333333333334,226.0,220.0,195.66666666666666,175.66666666666666,190.66666666666666,109.66666666666667,117.66666666666667,152.66666666666666,143.66666666666666,135.66666666666666,134.66666666666666,139.0,129.66666666666666,133.33333333333334,138.33333333333334,139.33333333333334,136.33333333333334,131.33333333333334,134.66666666666666,136.66666666666666,136.66666666666666,135.66666666666666,133.66666666666666,131.66666666666666,132.66666666666666,133.66666666666666,133.66666666666666,132.66666666666666,130.66666666666666,131.66666666666666,132.66666666666666,133.66666666666666,132.66666666666666,130.66666666666666,134.66666666666666,131.66666666666666,128.66666666666666,126.66666666666667,126.0,127.0,125.66666666666667,124.66666666666667,125.66666666666667,124.66666666666667,126.33333333333333,90.33333333333333,55.333333333333336,69.33333333333333,98.0,83.33333333333333,56.0,129.66666666666666,210.66666666666666,206.66666666666666,210.66666666666666,210.66666666666666,214.66666666666666,209.66666666666666,225.66666666666666,152.66666666666666,88.66666666666667,103.66666666666667,135.66666666666666,195.66666666666666,236.66666666666666,252.66666666666666,249.66666666666666,217.0,204.0,223.0,239.0,236.0,238.0,251.0,239.0,241.0,242.0,240.0,238.0,238.0,240.0,241.0,242.33333333333334,242.33333333333334,242.33333333333334,241.33333333333334,241.33333333333334,241.33333333333334,241.33333333333334,241.33333333333334,240.33333333333334,240.33333333333334,240.33333333333334,240.33333333333334,240.33333333333334,240.33333333333334,240.33333333333334,240.33333333333334,241.0,241.0,241.0,241.0,241.0,241.0,241.0,241.0,241.0,241.0,241.0,241.0,241.0,241.0,241.0,241.0,240.33333333333334,240.33333333333334,240.33333333333334,240.33333333333334,240.33333333333334,240.33333333333334,240.33333333333334,240.33333333333334,240.33333333333334,240.33333333333334,240.33333333333334,240.33333333333334,240.33333333333334,240.33333333333334,240.33333333333334,240.33333333333334,241.33333333333334,240.33333333333334,240.33333333333334,240.33333333333334,240.33333333333334,239.33333333333334,239.33333333333334,239.33333333333334,240.33333333333334,240.33333333333334,239.33333333333334,240.33333333333334,241.33333333333334,241.33333333333334,240.33333333333334,239.33333333333334,237.33333333333334,235.33333333333334,224.33333333333334,232.33333333333334,233.0,185.0,160.66666666666666,196.66666666666666,159.66666666666666,109.0,115.66666666666667,149.66666666666666,145.66666666666666,132.66666666666666,135.66666666666666,137.0,127.66666666666667,129.66666666666666,133.33333333333334,133.66666666666666,131.33333333333334,126.66666666666667,133.66666666666666,134.66666666666666,135.66666666666666,133.66666666666666,131.66666666666666,129.66666666666666,130.66666666666666,131.66666666666666,134.66666666666666,132.66666666666666,131.66666666666666,130.66666666666666,131.66666666666666,130.66666666666666,128.66666666666666,126.66666666666667,131.66666666666666,130.66666666666666,129.66666666666666,129.66666666666666,130.0,129.0,125.66666666666667,122.66666666666667,129.66666666666666,122.66666666666667,127.33333333333333,106.33333333333333,57.333333333333336,66.33333333333333,94.0,86.33333333333333,61.0,118.0,204.0,203.0,206.0,208.0,209.0,204.0,216.0,174.0,81.0,92.0,144.0,122.0,160.0,179.66666666666666,223.66666666666666,229.0,215.0,194.0,202.0,233.0,244.0,231.0,250.0,240.0,234.0,238.0,247.0,248.0,241.0,232.0,241.33333333333334,241.33333333333334,241.33333333333334,241.33333333333334,241.33333333333334,241.33333333333334,241.33333333333334,241.33333333333334,240.33333333333334,240.33333333333334,240.33333333333334,240.33333333333334,240.33333333333334,240.33333333333334,240.33333333333334,240.33333333333334,241.0,241.0,241.0,241.0,241.0,241.0,241.0,241.0,241.0,241.0,241.0,241.0,241.0,241.0,241.0,241.0,240.33333333333334,240.33333333333334,240.33333333333334,240.33333333333334,240.33333333333334,240.33333333333334,240.33333333333334,240.33333333333334,240.33333333333334,240.33333333333334,240.33333333333334,240.33333333333334,240.33333333333334,240.33333333333334,240.33333333333334,240.33333333333334,242.33333333333334,242.33333333333334,241.33333333333334,241.33333333333334,240.33333333333334,240.33333333333334,239.33333333333334,239.33333333333334,240.33333333333334,238.33333333333334,238.33333333333334,239.33333333333334,242.33333333333334,242.33333333333334,239.33333333333334,237.33333333333334,228.33333333333334,227.33333333333334,239.33333333333334,219.33333333333334,172.66666666666666,165.66666666666666,169.66666666666666,143.66666666666666,118.0,127.0,112.66666666666667,142.0,151.66666666666666,125.66666666666667,135.66666666666666,132.0,129.33333333333334,129.33333333333334,130.66666666666666,128.33333333333334,126.66666666666667,125.33333333333333,135.66666666666666,136.66666666666666,136.66666666666666,135.66666666666666,132.66666666666666,130.66666666666666,131.66666666666666,132.66666666666666,135.66666666666666,134.66666666666666,132.66666666666666,131.66666666666666,132.66666666666666,131.66666666666666,129.66666666666666,127.66666666666667,125.66666666666667,125.66666666666667,127.66666666666667,129.66666666666666,132.0,131.0,128.66666666666666,125.66666666666667,131.66666666666666,122.66666666666667,128.33333333333334,115.33333333333333,61.333333333333336,77.33333333333333,100.0,85.33333333333333,63.0,99.0,186.0,188.0,190.0,194.0,191.0,190.0,181.0,184.0,99.0,89.0,148.0,102.0,100.0,76.66666666666667,85.66666666666667,176.0,252.0,246.0,197.0,177.0,202.0,231.0,230.0,235.0,242.0,245.0,241.0,235.0,238.0,245.0,239.33333333333334,239.33333333333334,239.33333333333334,240.33333333333334,240.33333333333334,240.33333333333334,241.33333333333334,241.33333333333334,240.33333333333334,240.33333333333334,240.33333333333334,240.33333333333334,240.33333333333334,240.33333333333334,240.33333333333334,240.33333333333334,241.0,241.0,241.0,241.0,241.0,241.0,241.0,241.0,241.0,241.0,241.0,241.0,241.0,241.0,241.0,241.0,240.33333333333334,240.33333333333334,240.33333333333334,240.33333333333334,240.33333333333334,240.33333333333334,240.33333333333334,240.33333333333334,240.33333333333334,240.33333333333334,240.33333333333334,240.33333333333334,240.33333333333334,240.33333333333334,240.33333333333334,240.33333333333334,241.33333333333334,241.33333333333334,241.33333333333334,240.33333333333334,239.33333333333334,238.33333333333334,238.33333333333334,238.33333333333334,240.33333333333334,237.33333333333334,236.33333333333334,237.33333333333334,239.33333333333334,238.33333333333334,234.33333333333334,228.66666666666666,224.33333333333334,221.33333333333334,198.33333333333334,164.33333333333334,157.66666666666666,169.66666666666666,137.66666666666666,77.66666666666667,97.0,135.0,114.0,141.0,153.66666666666666,121.66666666666667,135.66666666666666,130.0,131.66666666666666,132.33333333333334,131.33333333333334,129.33333333333334,127.33333333333333,128.33333333333334,136.66666666666666,137.66666666666666,137.66666666666666,135.66666666666666,133.66666666666666,131.66666666666666,131.66666666666666,132.66666666666666,136.66666666666666,134.66666666666666,133.66666666666666,133.66666666666666,134.66666666666666,136.66666666666666,135.66666666666666,134.66666666666666,125.66666666666667,124.66666666666667,124.66666666666667,126.66666666666667,128.0,129.0,127.66666666666667,126.66666666666667,125.66666666666667,123.66666666666667,126.33333333333333,111.33333333333333,60.333333333333336,99.33333333333333,114.0,73.33333333333333,65.0,80.0,167.0,175.0,180.0,186.0,182.0,188.0,205.0,214.0,147.0,95.0,117.0,128.0,119.0,96.66666666666667,103.0,91.66666666666667,116.66666666666667,185.66666666666666,241.66666666666666,240.66666666666666,202.66666666666666,171.66666666666666,204.66666666666666,214.66666666666666,229.66666666666666,237.66666666666666,233.66666666666666,228.66666666666666,235.66666666666666,247.66666666666666,236.66666666666666,237.66666666666666,237.66666666666666,237.66666666666666,238.66666666666666,238.66666666666666,239.66666666666666,239.66666666666666,239.66666666666666,239.66666666666666,239.66666666666666,239.66666666666666,239.66666666666666,239.66666666666666,239.66666666666666,240.33333333333334,241.0,241.0,241.0,241.0,241.0,241.0,241.0,241.0,241.0,241.0,241.0,241.0,241.0,241.0,241.0,241.0,240.33333333333334,239.66666666666666,239.66666666666666,239.66666666666666,239.66666666666666,239.66666666666666,239.66666666666666,239.66666666666666,239.66666666666666,239.66666666666666,239.66666666666666,239.66666666666666,239.66666666666666,239.66666666666666,239.66666666666666,239.66666666666666,238.66666666666666,238.66666666666666,237.66666666666666,236.66666666666666,236.66666666666666,235.66666666666666,234.66666666666666,234.66666666666666,236.66666666666666,232.66666666666666,229.66666666666666,228.66666666666666,229.66666666666666,225.66666666666666,218.66666666666666,212.66666666666666,216.33333333333334,177.0,137.0,158.0,183.66666666666666,128.66666666666666,74.0,92.0,108.0,118.0,121.0,147.0,145.0,124.0,134.0,131.0,133.66666666666666,134.33333333333334,134.33333333333334,132.33333333333334,129.33333333333334,128.33333333333334,135.66666666666666,136.66666666666666,136.66666666666666,134.66666666666666,131.66666666666666,129.66666666666666,130.66666666666666,131.66666666666666,133.66666666666666,131.66666666666666,129.66666666666666,130.66666666666666,133.66666666666666,136.66666666666666,137.66666666666666,137.66666666666666,130.66666666666666,127.66666666666667,123.66666666666667,122.66666666666667,123.0,125.0,124.66666666666667,123.66666666666667,117.66666666666667,122.66666666666667,122.33333333333333,101.33333333333333,57.333333333333336,116.33333333333333,124.0,60.333333333333336,71.0,74.0,161.0,176.0,185.0,193.0,191.0,201.0,199.0,209.0,185.0,120.0,89.0,139.0,118.0,112.0,119.0,107.66666666666667,100.66666666666667,115.66666666666667,152.66666666666666,197.66666666666666,232.66666666666666,250.66666666666666,206.66666666666666,189.66666666666666,186.66666666666666,211.66666666666666,242.66666666666666,251.66666666666666,237.66666666666666,222.66666666666666,235.66666666666666,236.66666666666666,236.66666666666666,237.66666666666666,237.66666666666666,238.66666666666666,238.66666666666666,238.66666666666666,239.66666666666666,239.66666666666666,239.66666666666666,239.66666666666666,239.66666666666666,239.66666666666666,239.66666666666666,239.66666666666666,240.33333333333334,241.0,241.0,241.0,241.0,241.0,241.0,241.0,241.0,241.0,241.0,241.0,241.0,241.0,241.0,240.33333333333334,239.66666666666666,239.66666666666666,239.66666666666666,239.66666666666666,239.66666666666666,239.66666666666666,239.66666666666666,239.66666666666666,239.66666666666666,239.66666666666666,239.66666666666666,239.66666666666666,239.66666666666666,239.66666666666666,239.66666666666666,239.66666666666666,236.66666666666666,236.66666666666666,235.66666666666666,234.66666666666666,233.66666666666666,232.66666666666666,232.66666666666666,231.66666666666666,231.66666666666666,227.66666666666666,222.66666666666666,220.66666666666666,219.66666666666666,214.66666666666666,205.66666666666666,197.66666666666666,146.0,158.0,181.0,169.0,123.66666666666667,103.0,106.0,98.0,129.0,94.66666666666667,128.0,155.0,136.0,130.0,134.0,133.0,131.66666666666666,133.33333333333334,134.33333333333334,133.33333333333334,129.33333333333334,125.33333333333333,134.66666666666666,135.66666666666666,135.66666666666666,132.66666666666666,128.66666666666666,127.66666666666667,130.66666666666666,133.66666666666666,134.66666666666666,133.66666666666666,132.66666666666666,131.66666666666666,130.66666666666666,129.66666666666666,129.66666666666666,128.66666666666666,131.66666666666666,128.66666666666666,125.66666666666667,124.66666666666667,124.0,125.0,124.66666666666667,124.66666666666667,120.66666666666667,128.66666666666666,130.33333333333334,86.33333333333333,57.333333333333336,105.33333333333333,121.0,57.333333333333336,74.0,68.66666666666667,136.66666666666666,187.66666666666666,183.66666666666666,187.66666666666666,201.66666666666666,195.66666666666666,198.66666666666666,204.66666666666666,218.66666666666666,154.66666666666666,90.66666666666667,95.66666666666667,111.66666666666667,134.0,135.0,120.0,139.0,152.0,105.0,91.0,109.0,204.0,239.0,252.0,232.0,156.0,152.0,215.0,234.0,240.0,233.66666666666666,233.66666666666666,228.66666666666666,224.66666666666666,228.66666666666666,237.66666666666666,239.66666666666666,234.66666666666666,242.66666666666666,236.66666666666666,233.66666666666666,236.66666666666666,240.66666666666666,241.66666666666666,239.66666666666666,238.66666666666666,245.33333333333334,242.33333333333334,239.33333333333334,236.33333333333334,235.33333333333334,237.33333333333334,239.33333333333334,241.33333333333334,239.33333333333334,240.33333333333334,240.33333333333334,240.33333333333334,241.33333333333334,241.33333333333334,242.33333333333334,242.33333333333334,239.66666666666666,238.66666666666666,238.66666666666666,238.66666666666666,238.66666666666666,238.66666666666666,239.66666666666666,239.66666666666666,245.66666666666666,239.66666666666666,234.66666666666666,235.66666666666666,238.66666666666666,239.66666666666666,239.66666666666666,238.66666666666666,235.66666666666666,234.66666666666666,232.66666666666666,230.66666666666666,228.66666666666666,225.66666666666666,221.66666666666666,218.66666666666666,221.66666666666666,206.66666666666666,207.66666666666666,222.66666666666666,218.66666666666666,185.66666666666666,156.66666666666666,146.66666666666666,171.0,169.0,134.0,113.0,127.0,126.0,113.0,119.33333333333333,87.66666666666667,115.66666666666667,143.0,146.33333333333334,134.0,125.0,126.0,130.0,133.66666666666666,131.33333333333334,129.33333333333334,128.33333333333334,127.33333333333333,126.33333333333333,140.66666666666666,139.66666666666666,137.66666666666666,133.66666666666666,129.66666666666666,127.66666666666667,127.66666666666667,128.66666666666666,133.66666666666666,133.66666666666666,132.66666666666666,132.66666666666666,131.66666666666666,130.66666666666666,130.66666666666666,130.66666666666666,135.66666666666666,132.66666666666666,128.66666666666666,125.66666666666667,124.0,125.0,125.66666666666667,125.66666666666667,119.66666666666667,127.66666666666667,134.33333333333334,92.33333333333333,48.333333333333336,79.33333333333333,108.0,74.33333333333333,74.0,67.66666666666667,123.66666666666667,184.66666666666666,176.66666666666666,183.66666666666666,195.66666666666666,196.66666666666666,198.66666666666666,193.66666666666666,196.66666666666666,219.66666666666666,139.66666666666666,62.666666666666664,98.66666666666667,96.0,117.66666666666667,111.0,109.0,134.0,123.0,99.0,91.0,103.0,121.0,153.0,207.0,159.0,71.0,78.0,128.0,164.0,202.66666666666666,227.66666666666666,245.66666666666666,240.66666666666666,224.66666666666666,222.66666666666666,233.66666666666666,245.66666666666666,227.66666666666666,232.66666666666666,238.66666666666666,242.66666666666666,240.66666666666666,236.66666666666666,236.66666666666666,238.66666666666666,231.66666666666666,232.66666666666666,236.33333333333334,237.66666666666666,239.33333333333334,238.66666666666666,239.33333333333334,237.66666666666666,240.33333333333334,239.66666666666666,240.33333333333334,239.66666666666666,240.33333333333334,239.66666666666666,240.33333333333334,240.66666666666666,238.66666666666666,237.66666666666666,237.66666666666666,237.66666666666666,237.66666666666666,238.66666666666666,239.66666666666666,239.66666666666666,239.66666666666666,240.66666666666666,241.66666666666666,240.66666666666666,236.66666666666666,233.66666666666666,234.66666666666666,237.66666666666666,223.66666666666666,223.66666666666666,223.66666666666666,221.66666666666666,219.66666666666666,216.66666666666666,216.66666666666666,216.66666666666666,209.66666666666666,223.66666666666666,221.66666666666666,179.66666666666666,118.66666666666667,90.66666666666667,120.66666666666667,165.66666666666666,119.0,89.0,88.0,120.0,136.0,125.0,107.33333333333333,99.33333333333333,85.66666666666667,116.66666666666667,146.33333333333334,150.33333333333334,139.0,131.0,130.0,131.0,123.33333333333333,125.33333333333333,129.66666666666666,128.33333333333334,125.66666666666667,123.33333333333333,142.66666666666666,139.66666666666666,136.66666666666666,133.66666666666666,131.66666666666666,130.66666666666666,127.66666666666667,126.66666666666667,132.66666666666666,132.66666666666666,132.66666666666666,132.66666666666666,132.66666666666666,132.66666666666666,132.66666666666666,132.66666666666666,135.66666666666666,133.66666666666666,129.66666666666666,126.66666666666667,124.0,123.0,123.66666666666667,124.66666666666667,119.66666666666667,122.66666666666667,131.33333333333334,99.33333333333333,55.333333333333336,69.33333333333333,98.0,82.33333333333333,72.33333333333333,65.33333333333333,103.33333333333333,179.33333333333334,167.33333333333334,178.33333333333334,184.33333333333334,195.33333333333334,195.33333333333334,195.33333333333334,203.33333333333334,216.33333333333334,203.33333333333334,126.33333333333333,60.333333333333336,73.66666666666667,76.66666666666667,75.0,75.0,119.0,131.0,89.0,101.0,100.0,104.0,84.0,106.0,114.0,92.0,77.0,63.0,59.0,93.66666666666667,131.66666666666666,181.66666666666666,218.66666666666666,234.66666666666666,233.66666666666666,221.66666666666666,211.66666666666666,232.66666666666666,227.66666666666666,222.66666666666666,222.66666666666666,226.66666666666666,231.66666666666666,233.66666666666666,233.66666666666666,239.66666666666666,240.66666666666666,241.66666666666666,241.66666666666666,239.66666666666666,237.66666666666666,234.66666666666666,233.66666666666666,236.66666666666666,236.66666666666666,236.66666666666666,236.66666666666666,236.66666666666666,236.66666666666666,236.66666666666666,236.66666666666666,234.66666666666666,234.66666666666666,235.66666666666666,235.66666666666666,236.66666666666666,236.66666666666666,236.66666666666666,237.66666666666666,229.66666666666666,231.66666666666666,234.66666666666666,234.66666666666666,232.66666666666666,230.66666666666666,229.66666666666666,228.66666666666666,222.66666666666666,226.66666666666666,227.66666666666666,219.66666666666666,208.66666666666666,202.66666666666666,205.66666666666666,210.66666666666666,193.66666666666666,154.66666666666666,99.66666666666667,62.666666666666664,61.666666666666664,85.66666666666667,106.66666666666667,115.66666666666667,104.66666666666667,74.66666666666667,95.66666666666667,124.66666666666667,101.0,78.0,78.33333333333333,74.33333333333333,101.0,128.0,148.33333333333334,144.33333333333334,132.66666666666666,129.66666666666666,129.0,126.0,123.33333333333333,129.66666666666666,136.33333333333334,134.66666666666666,130.33333333333334,127.66666666666667,139.66666666666666,136.66666666666666,132.66666666666666,132.66666666666666,134.66666666666666,134.66666666666666,131.66666666666666,128.66666666666666,132.66666666666666,132.66666666666666,132.66666666666666,132.66666666666666,132.66666666666666,133.66666666666666,133.66666666666666,133.66666666666666,128.66666666666666,129.66666666666666,129.66666666666666,127.66666666666667,124.0,122.0,120.66666666666667,120.66666666666667,120.66666666666667,119.66666666666667,122.33333333333333,100.33333333333333,72.33333333333333,83.33333333333333,96.0,74.33333333333333,69.33333333333333,64.33333333333333,84.33333333333333,175.33333333333334,163.33333333333334,174.33333333333334,174.33333333333334,188.33333333333334,189.33333333333334,200.33333333333334,204.33333333333334,180.33333333333334,214.33333333333334,211.33333333333334,109.33333333333333,71.66666666666667,83.66666666666667,70.0,71.0,96.0,133.0,113.0,123.0,109.0,99.0,124.0,116.0,109.0,121.0,85.0,51.0,83.0,55.666666666666664,47.666666666666664,46.666666666666664,69.66666666666667,117.66666666666667,171.66666666666666,212.66666666666666,232.66666666666666,224.66666666666666,228.66666666666666,229.66666666666666,228.66666666666666,228.66666666666666,231.66666666666666,233.66666666666666,233.66666666666666,228.0,228.0,227.0,227.0,228.0,230.0,233.0,234.0,232.0,232.0,232.0,232.0,231.0,231.0,231.0,231.0,231.66666666666666,231.66666666666666,232.66666666666666,233.66666666666666,233.66666666666666,233.66666666666666,233.66666666666666,233.66666666666666,242.66666666666666,239.66666666666666,235.66666666666666,232.66666666666666,233.66666666666666,232.66666666666666,223.66666666666666,213.66666666666666,212.66666666666666,199.66666666666666,194.66666666666666,209.66666666666666,224.66666666666666,210.66666666666666,164.66666666666666,121.66666666666667,84.66666666666667,60.666666666666664,42.666666666666664,55.666666666666664,87.66666666666667,107.66666666666667,100.66666666666667,85.66666666666667,90.66666666666667,95.66666666666667,114.66666666666667,110.66666666666667,76.0,64.66666666666667,79.33333333333333,87.33333333333333,127.0,141.0,145.33333333333334,135.33333333333334,129.66666666666666,133.66666666666666,136.0,131.0,121.66666666666667,124.33333333333333,126.66666666666667,125.33333333333333,123.66666666666667,123.33333333333333,137.66666666666666,134.66666666666666,132.66666666666666,132.66666666666666,134.66666666666666,135.66666666666666,131.66666666666666,128.66666666666666,131.66666666666666,131.66666666666666,132.66666666666666,132.66666666666666,132.66666666666666,132.66666666666666,132.66666666666666,133.66666666666666,123.66666666666667,127.66666666666667,132.66666666666666,132.66666666666666,129.0,125.0,120.66666666666667,119.66666666666667,120.66666666666667,125.66666666666667,123.33333333333333,95.33333333333333,71.33333333333333,84.33333333333333,95.0,74.33333333333333,63.333333333333336,63.333333333333336,72.33333333333333,166.33333333333334,163.33333333333334,168.33333333333334,166.33333333333334,176.33333333333334,183.33333333333334,185.33333333333334,183.33333333333334,195.33333333333334,177.33333333333334,201.33333333333334,219.33333333333334,115.66666666666667,72.0,71.66666666666667,95.66666666666667,78.66666666666667,107.66666666666667,126.66666666666667,131.66666666666666,126.66666666666667,131.66666666666666,140.66666666666666,95.66666666666667,83.66666666666667,129.66666666666666,126.66666666666667,83.66666666666667,69.66666666666667,72.0,72.0,68.0,61.0,54.0,58.0,74.0,89.0,153.0,182.0,213.0,224.0,220.0,218.0,219.0,220.0,228.33333333333334,228.33333333333334,226.33333333333334,224.33333333333334,222.33333333333334,219.33333333333334,217.33333333333334,216.33333333333334,222.33333333333334,222.33333333333334,222.33333333333334,222.33333333333334,222.33333333333334,221.33333333333334,221.33333333333334,221.33333333333334,223.0,224.0,225.0,226.0,226.0,225.0,224.0,223.0,214.0,219.0,221.0,217.0,217.0,219.0,216.0,211.0,213.0,216.0,204.0,165.0,111.0,68.0,48.0,46.0,49.0,50.0,67.0,93.0,102.0,100.0,108.0,126.0,96.66666666666667,113.66666666666667,108.66666666666667,92.66666666666667,85.66666666666667,76.66666666666667,78.33333333333333,99.0,142.0,145.0,142.33333333333334,136.33333333333334,135.66666666666666,139.66666666666666,138.0,131.0,137.33333333333334,133.66666666666666,131.33333333333334,131.66666666666666,137.33333333333334,140.66666666666666,136.66666666666666,135.66666666666666,133.66666666666666,133.66666666666666,133.66666666666666,131.66666666666666,128.66666666666666,126.66666666666667,131.66666666666666,131.66666666666666,131.66666666666666,131.66666666666666,131.66666666666666,131.66666666666666,131.66666666666666,130.66666666666666,126.66666666666667,131.66666666666666,137.66666666666666,138.66666666666666,133.0,127.0,122.66666666666667,121.66666666666667,119.66666666666667,133.66666666666666,130.33333333333334,90.33333333333333,55.333333333333336,63.333333333333336,89.0,95.33333333333333,59.333333333333336,63.333333333333336,65.33333333333333,150.33333333333334,162.33333333333334,160.33333333333334,162.33333333333334,162.33333333333334,176.33333333333334,164.33333333333334,189.33333333333334,204.33333333333334,168.33333333333334,175.33333333333334,219.33333333333334,210.66666666666666,125.0,74.66666666666667,71.66666666666667,61.666666666666664,81.66666666666667,97.66666666666667,98.66666666666667,129.66666666666666,106.66666666666667,100.66666666666667,87.66666666666667,88.66666666666667,95.66666666666667,118.66666666666667,123.66666666666667,76.66666666666667,56.0,64.0,73.0,71.0,59.0,50.0,56.0,68.0,37.0,55.0,83.0,115.0,154.0,189.0,204.0,202.33333333333334,210.0,214.0,220.0,225.0,228.0,227.0,224.0,222.0,213.0,213.0,213.0,214.0,214.0,215.0,215.0,215.0,215.33333333333334,216.0,217.0,217.0,217.0,215.0,213.0,212.0,221.0,231.0,232.0,219.0,206.0,199.0,193.0,186.0,140.0,111.0,75.0,56.0,56.0,62.0,62.0,59.0,84.0,64.0,62.0,87.0,103.0,101.0,104.0,117.0,112.66666666666667,119.66666666666667,97.66666666666667,77.66666666666667,75.66666666666667,63.666666666666664,77.0,128.0,147.0,143.0,141.33333333333334,140.33333333333334,133.66666666666666,118.66666666666667,105.0,98.0,90.33333333333333,85.33333333333333,81.66666666666667,84.33333333333333,94.66666666666667,101.33333333333333,130.66666666666666,132.66666666666666,133.66666666666666,133.66666666666666,131.66666666666666,129.66666666666666,128.66666666666666,128.66666666666666,131.66666666666666,131.66666666666666,131.66666666666666,130.66666666666666,129.66666666666666,129.66666666666666,128.66666666666666,128.66666666666666,133.66666666666666,137.66666666666666,141.66666666666666,138.66666666666666,131.0,125.0,122.66666666666667,122.66666666666667,117.66666666666667,128.66666666666666,127.33333333333333,95.33333333333333,56.333333333333336,52.333333333333336,87.0,119.33333333333333,57.333333333333336,63.333333333333336,61.333333333333336,131.33333333333334,158.33333333333334,150.33333333333334,161.33333333333334,151.33333333333334,164.33333333333334,159.33333333333334,190.33333333333334,179.33333333333334,180.33333333333334,179.33333333333334,163.33333333333334,225.66666666666666,238.0,155.66666666666666,81.66666666666667,69.66666666666667,74.66666666666667,78.66666666666667,64.66666666666667,70.66666666666667,83.66666666666667,70.66666666666667,73.66666666666667,96.66666666666667,94.66666666666667,110.66666666666667,136.66666666666666,98.66666666666667,73.0,65.0,64.0,72.0,79.0,75.0,67.0,62.0,77.0,65.0,47.0,42.0,63.0,96.0,113.0,111.33333333333333,123.0,128.66666666666666,137.66666666666666,149.66666666666666,163.66666666666666,175.66666666666666,185.66666666666666,190.66666666666666,205.66666666666666,205.66666666666666,206.66666666666666,207.66666666666666,208.66666666666666,209.66666666666666,210.66666666666666,211.0,208.33333333333334,210.0,210.0,210.0,208.0,206.0,203.0,201.0,165.0,161.0,149.0,139.0,136.0,128.0,100.0,71.0,45.0,48.0,53.0,59.0,65.0,66.0,64.0,61.0,53.0,61.0,84.0,109.0,112.0,94.0,77.0,74.0,87.0,88.0,78.0,64.0,64.66666666666667,85.66666666666667,126.0,167.0,145.0,139.0,140.33333333333334,140.33333333333334,119.66666666666667,87.66666666666667,71.33333333333333,75.0,71.66666666666667,69.66666666666667,69.0,72.66666666666667,78.0,80.66666666666667,123.66666666666667,127.66666666666667,131.66666666666666,132.66666666666666,131.66666666666666,130.66666666666666,131.66666666666666,134.66666666666666,131.66666666666666,131.66666666666666,130.66666666666666,129.66666666666666,128.66666666666666,127.66666666666667,127.66666666666667,126.66666666666667,138.66666666666666,141.66666666666666,140.66666666666666,135.66666666666666,126.0,120.0,119.66666666666667,121.66666666666667,116.66666666666667,117.66666666666667,118.33333333333333,103.33333333333333,73.33333333333333,58.333333333333336,89.0,131.33333333333334,57.333333333333336,63.333333333333336,58.333333333333336,116.33333333333333,154.33333333333334,143.33333333333334,161.33333333333334,144.33333333333334,152.33333333333334,165.33333333333334,154.33333333333334,167.33333333333334,175.33333333333334,172.0,175.33333333333334,142.66666666666666,215.0,251.33333333333334,197.0,125.0,51.666666666666664,61.666666666666664,86.66666666666667,74.66666666666667,73.66666666666667,83.66666666666667,74.66666666666667,100.66666666666667,108.66666666666667,91.66666666666667,111.0,124.0,104.0,80.0,59.666666666666664,56.0,63.666666666666664,65.0,64.66666666666667,64.0,55.666666666666664,69.0,70.66666666666667,54.0,54.666666666666664,88.0,138.66666666666666,171.0,66.0,59.0,50.0,43.0,42.0,49.0,57.0,64.0,66.0,66.0,67.0,69.0,71.0,71.33333333333333,72.33333333333333,74.0,68.33333333333333,69.0,70.0,69.0,67.0,63.0,60.0,57.0,64.0,48.0,40.0,65.0,114.0,138.0,106.0,58.0,57.0,61.0,64.0,63.0,60.0,58.0,60.0,63.0,66.0,82.0,99.0,104.0,99.0,91.0,85.0,80.33333333333333,73.0,68.0,71.0,66.0,79.0,136.66666666666666,167.0,140.0,139.33333333333334,133.33333333333334,136.33333333333334,138.66666666666666,112.66666666666667,75.66666666666667,68.33333333333333,87.0,76.66666666666667,79.0,82.0,84.0,82.0,79.0,138.66666666666666,136.66666666666666,134.66666666666666,132.66666666666666,131.66666666666666,130.66666666666666,129.66666666666666,128.66666666666666,141.66666666666666,135.66666666666666,132.66666666666666,134.66666666666666,132.66666666666666,127.66666666666667,127.66666666666667,132.66666666666666,143.66666666666666,140.66666666666666,128.66666666666666,122.66666666666667,128.0,126.0,122.66666666666667,128.66666666666666,120.66666666666667,116.66666666666667,117.33333333333333,95.33333333333333,65.33333333333333,77.33333333333333,111.0,117.33333333333333,66.66666666666667,58.333333333333336,59.333333333333336,103.33333333333333,157.33333333333334,137.33333333333334,150.33333333333334,148.33333333333334,147.0,153.0,158.0,161.0,168.0,174.66666666666666,172.0,164.0,151.66666666666666,216.66666666666666,251.0,230.66666666666666,180.0,111.0,60.0,51.0,83.66666666666667,91.66666666666667,100.0,105.0,109.0,110.0,106.66666666666667,101.66666666666667,114.66666666666667,103.66666666666667,71.0,54.666666666666664,66.0,65.66666666666667,61.0,73.66666666666667,61.0,61.666666666666664,60.0,66.66666666666667,64.0,48.666666666666664,85.0,161.66666666666666,144.0,74.0,59.333333333333336,70.33333333333333,52.666666666666664,59.666666666666664,74.33333333333333,50.0,48.333333333333336,70.0,55.666666666666664,51.666666666666664,115.0,189.0,135.66666666666666,122.0,71.0,35.666666666666664,38.666666666666664,64.66666666666667,61.666666666666664,47.666666666666664,52.666666666666664,61.666666666666664,72.66666666666667,55.666666666666664,50.666666666666664,108.66666666666667,168.66666666666666,127.66666666666667,60.666666666666664,56.0,64.0,61.666666666666664,49.666666666666664,50.666666666666664,65.66666666666667,68.66666666666667,59.0,57.0,81.0,96.0,104.66666666666667,101.66666666666667,97.66666666666667,96.66666666666667,91.66666666666667,82.33333333333333,73.0,66.0,69.0,95.0,136.0,162.0,157.0,138.0,135.33333333333334,139.0,140.0,133.0,100.66666666666667,75.66666666666667,78.66666666666667,74.0,79.66666666666667,76.0,73.0,74.0,79.0,84.0,136.66666666666666,136.66666666666666,134.66666666666666,132.66666666666666,129.66666666666666,128.66666666666666,128.66666666666666,129.66666666666666,137.66666666666666,132.66666666666666,131.66666666666666,132.66666666666666,131.66666666666666,126.66666666666667,125.66666666666667,128.66666666666666,134.66666666666666,138.66666666666666,138.66666666666666,139.66666666666666,140.0,126.0,113.66666666666667,117.66666666666667,120.66666666666667,117.66666666666667,119.33333333333333,97.33333333333333,67.33333333333333,78.33333333333333,109.0,113.33333333333333,49.666666666666664,62.333333333333336,58.333333333333336,84.33333333333333,149.33333333333334,147.33333333333334,148.33333333333334,130.33333333333334,141.0,146.0,150.0,152.0,157.66666666666666,166.66666666666666,168.66666666666666,165.66666666666666,147.33333333333334,147.33333333333334,203.66666666666666,251.0,241.66666666666666,207.66666666666666,163.0,105.0,70.66666666666667,76.66666666666667,86.0,92.0,93.66666666666667,91.66666666666667,91.66666666666667,94.66666666666667,105.0,111.33333333333333,90.33333333333333,61.333333333333336,62.333333333333336,74.33333333333333,61.333333333333336,39.333333333333336,71.33333333333333,68.33333333333333,59.333333333333336,65.33333333333333,73.33333333333333,58.333333333333336,55.333333333333336,81.66666666666667,164.0,114.66666666666667,60.0,54.0,74.33333333333333,62.333333333333336,49.666666666666664,65.66666666666667,69.66666666666667,57.666666666666664,38.0,123.33333333333333,184.33333333333334,156.0,129.33333333333334,127.0,141.0,102.66666666666667,68.66666666666667,57.666666666666664,59.666666666666664,66.66666666666667,68.66666666666667,61.666666666666664,59.666666666666664,54.666666666666664,86.66666666666667,139.66666666666666,141.66666666666666,86.66666666666667,53.666666666666664,65.0,43.666666666666664,59.666666666666664,65.66666666666667,63.666666666666664,62.666666666666664,57.666666666666664,57.0,68.0,84.0,89.0,93.66666666666667,97.66666666666667,101.66666666666667,100.66666666666667,91.0,80.0,65.0,71.0,96.0,135.0,161.0,161.0,148.33333333333334,139.33333333333334,142.0,142.0,142.0,130.0,93.66666666666667,68.66666666666667,72.66666666666667,73.0,67.66666666666667,70.66666666666667,78.0,87.66666666666667,99.0,107.66666666666667,133.66666666666666,135.66666666666666,135.66666666666666,132.66666666666666,128.66666666666666,125.66666666666667,127.66666666666667,129.66666666666666,132.66666666666666,129.66666666666666,129.66666666666666,131.66666666666666,130.66666666666666,125.66666666666667,123.66666666666667,124.66666666666667,136.66666666666666,136.66666666666666,133.66666666666666,137.66666666666666,137.0,121.0,113.66666666666667,126.66666666666667,121.66666666666667,118.66666666666667,120.33333333333333,99.33333333333333,69.33333333333333,78.33333333333333,107.0,109.33333333333333,43.666666666666664,66.33333333333333,60.333333333333336,74.33333333333333,144.33333333333334,144.33333333333334,140.33333333333334,136.33333333333334,137.33333333333334,140.33333333333334,142.0,141.0,143.66666666666666,151.66666666666666,158.66666666666666,160.66666666666666,173.33333333333334,152.33333333333334,143.66666666666666,178.66666666666666,235.66666666666666,251.0,235.0,212.0,142.66666666666666,102.66666666666667,67.0,63.0,80.0,91.0,91.66666666666667,88.66666666666667,89.66666666666667,99.66666666666667,114.66666666666667,104.66666666666667,66.66666666666667,42.666666666666664,52.666666666666664,69.66666666666667,66.66666666666667,69.66666666666667,60.666666666666664,55.666666666666664,62.666666666666664,65.66666666666667,71.66666666666667,87.66666666666667,113.0,138.0,103.33333333333333,55.333333333333336,60.333333333333336,64.33333333333333,54.666666666666664,63.666666666666664,47.666666666666664,80.66666666666667,99.0,116.33333333333333,92.33333333333333,29.0,36.0,39.0,73.0,110.0,79.0,43.0,67.0,66.0,44.0,58.0,54.0,79.0,135.0,155.0,104.0,56.0,48.0,50.0,64.66666666666667,72.66666666666667,66.66666666666667,53.666666666666664,49.666666666666664,51.666666666666664,67.0,91.0,120.33333333333333,109.33333333333333,96.33333333333333,84.33333333333333,75.0,68.0,68.0,72.0,93.0,114.0,156.0,191.0,189.0,159.0,139.33333333333334,140.33333333333334,135.0,129.0,131.0,117.0,86.0,69.0,73.0,80.0,91.66666666666667,98.33333333333333,107.66666666666667,115.33333333333333,121.66666666666667,125.33333333333333,131.66666666666666,134.66666666666666,135.66666666666666,132.66666666666666,127.66666666666667,124.66666666666667,127.66666666666667,130.66666666666666,128.66666666666666,129.66666666666666,130.66666666666666,132.66666666666666,130.66666666666666,126.66666666666667,123.66666666666667,121.66666666666667,132.66666666666666,126.66666666666667,122.66666666666667,131.66666666666666,138.0,125.0,118.66666666666667,132.66666666666666,121.66666666666667,117.66666666666667,119.33333333333333,98.33333333333333,69.33333333333333,79.33333333333333,107.0,108.33333333333333,48.666666666666664,62.333333333333336,56.333333333333336,72.33333333333333,142.33333333333334,130.33333333333334,124.33333333333333,152.33333333333334,136.33333333333334,138.33333333333334,139.0,136.0,134.66666666666666,138.66666666666666,144.66666666666666,150.0,157.33333333333334,169.33333333333334,142.66666666666666,133.66666666666666,188.66666666666666,233.66666666666666,240.0,244.0,252.0,213.66666666666666,155.0,103.0,65.0,52.0,71.66666666666667,98.66666666666667,100.66666666666667,92.66666666666667,74.66666666666667,55.666666666666664,78.66666666666667,131.66666666666666,119.66666666666667,47.666666666666664,17.666666666666668,38.666666666666664,60.666666666666664,72.66666666666667,72.66666666666667,60.666666666666664,49.666666666666664,47.0,75.33333333333333,119.0,132.33333333333334,83.33333333333333,43.333333333333336,56.333333333333336,72.66666666666667,58.666666666666664,50.666666666666664,130.66666666666666,225.0,161.33333333333334,109.33333333333333,107.0,111.0,97.0,90.0,129.0,111.0,65.0,57.0,57.0,53.0,66.0,66.0,116.0,143.0,109.0,66.0,64.0,74.0,66.0,49.666666666666664,50.0,47.666666666666664,54.0,75.66666666666667,84.0,82.0,84.66666666666667,86.33333333333333,85.0,89.33333333333333,90.0,83.0,77.33333333333333,91.0,109.33333333333333,157.0,183.0,213.0,217.0,185.0,145.0,130.33333333333334,136.33333333333334,140.0,130.0,137.0,126.0,108.0,109.0,113.0,120.0,124.33333333333333,128.66666666666666,133.33333333333334,132.66666666666666,128.33333333333334,122.66666666666667,132.66666666666666,133.66666666666666,133.66666666666666,131.66666666666666,127.66666666666667,126.66666666666667,127.66666666666667,130.66666666666666,127.66666666666667,130.66666666666666,132.66666666666666,132.66666666666666,131.66666666666666,129.66666666666666,125.66666666666667,121.66666666666667,122.66666666666667,119.66666666666667,120.66666666666667,138.66666666666666,154.0,140.0,120.66666666666667,120.66666666666667,121.66666666666667,115.66666666666667,116.33333333333333,95.33333333333333,67.33333333333333,78.33333333333333,107.0,108.33333333333333,47.666666666666664,53.666666666666664,47.666666666666664,60.666666666666664,140.33333333333334,138.33333333333334,120.33333333333333,138.33333333333334,133.33333333333334,134.33333333333334,136.0,135.0,133.0,133.0,136.0,141.0,142.66666666666666,144.66666666666666,158.66666666666666,147.66666666666666,134.66666666666666,180.66666666666666,235.0,237.0,230.0,236.0,244.66666666666666,235.66666666666666,195.66666666666666,136.66666666666666,90.0,69.0,57.0,80.0,104.0,103.0,115.0,177.0,228.0,227.0,151.0,92.0,37.0,22.0,37.0,57.0,66.0,64.0,84.0,93.0,109.33333333333333,105.33333333333333,73.66666666666667,52.666666666666664,57.333333333333336,65.33333333333333,34.666666666666664,52.666666666666664,118.66666666666667,91.0,89.33333333333333,117.0,133.0,121.0,118.0,107.0,108.66666666666667,88.0,50.666666666666664,55.0,69.66666666666667,51.0,96.66666666666667,152.0,144.66666666666666,87.0,64.66666666666667,60.0,47.666666666666664,44.0,52.0,51.0,63.0,111.0,168.66666666666666,172.66666666666666,121.66666666666667,76.66666666666667,72.0,63.0,60.333333333333336,69.33333333333333,84.33333333333333,110.33333333333333,148.33333333333334,181.33333333333334,208.33333333333334,226.33333333333334,227.33333333333334,194.33333333333334,150.33333333333334,127.33333333333333,127.0,132.0,139.0,128.0,137.0,121.0,115.0,136.0,135.0,135.66666666666666,125.66666666666667,128.33333333333334,129.66666666666666,127.33333333333333,122.66666666666667,118.33333333333333,134.66666666666666,133.66666666666666,131.66666666666666,130.66666666666666,129.66666666666666,129.66666666666666,129.66666666666666,129.66666666666666,127.66666666666667,131.66666666666666,133.66666666666666,132.66666666666666,131.66666666666666,130.66666666666666,127.66666666666667,122.66666666666667,133.66666666666666,129.66666666666666,122.66666666666667,132.66666666666666,150.0,145.0,126.66666666666667,120.66666666666667,120.66666666666667,114.66666666666667,115.33333333333333,95.33333333333333,67.33333333333333,77.33333333333333,103.0,102.33333333333333,47.0,53.666666666666664,50.666666666666664,49.666666666666664,136.33333333333334,167.33333333333334,139.33333333333334,123.33333333333333,130.33333333333334,129.33333333333334,131.33333333333334,134.0,134.0,132.0,134.0,138.0,146.66666666666666,139.66666666666666,139.66666666666666,134.66666666666666,122.66666666666667,136.66666666666666,188.0,233.0,238.0,228.0,224.66666666666666,235.66666666666666,247.66666666666666,238.66666666666666,208.66666666666666,180.0,168.0,131.0,124.0,141.0,129.0,110.0,134.0,175.0,245.0,231.0,206.0,145.0,61.0,19.0,32.0,54.333333333333336,40.0,81.0,97.33333333333333,104.33333333333333,108.66666666666667,70.66666666666667,42.333333333333336,64.33333333333333,67.66666666666667,64.66666666666667,64.66666666666667,82.0,68.33333333333333,45.0,83.0,79.0,73.0,93.0,75.0,57.0,66.0,52.0,50.0,89.0,139.0,153.0,109.0,58.0,51.0,37.0,33.0,67.0,87.0,134.0,173.0,177.0,158.66666666666666,135.66666666666666,135.66666666666666,154.0,145.0,129.0,117.33333333333333,129.33333333333334,159.33333333333334,196.33333333333334,227.33333333333334,246.33333333333334,228.33333333333334,228.33333333333334,202.33333333333334,156.33333333333334,126.33333333333333,127.33333333333333,136.0,136.0,131.0,122.0,130.0,98.0,93.0,131.0,127.0,121.66666666666667,123.33333333333333,123.66666666666667,124.33333333333333,121.66666666666667,121.33333333333333,120.66666666666667,137.66666666666666,133.66666666666666,129.66666666666666,129.66666666666666,132.66666666666666,133.66666666666666,131.66666666666666,128.66666666666666,127.66666666666667,131.66666666666666,133.66666666666666,130.66666666666666,129.66666666666666,131.66666666666666,128.66666666666666,123.66666666666667,141.66666666666666,138.66666666666666,123.66666666666667,119.66666666666667,134.0,140.0,130.66666666666666,124.66666666666667,118.66666666666667,114.66666666666667,116.33333333333333,98.33333333333333,70.33333333333333,76.33333333333333,96.0,91.33333333333333,52.333333333333336,53.333333333333336,59.333333333333336,49.333333333333336,121.33333333333333,166.33333333333334,160.0,151.0,136.0,129.66666666666666,128.66666666666666,132.66666666666666,134.66666666666666,131.66666666666666,131.66666666666666,135.66666666666666,128.66666666666666,139.66666666666666,128.66666666666666,132.66666666666666,148.66666666666666,128.66666666666666,128.66666666666666,176.66666666666666,218.0,234.0,242.0,236.0,231.0,237.0,245.0,246.66666666666666,228.33333333333334,222.0,194.0,165.0,154.0,143.0,124.0,110.0,121.0,149.0,204.0,242.0,232.0,186.0,105.0,23.0,26.0,66.33333333333333,88.0,94.0,102.66666666666667,88.66666666666667,62.333333333333336,55.333333333333336,43.333333333333336,62.0,72.66666666666667,111.0,85.0,45.666666666666664,51.666666666666664,49.666666666666664,102.0,118.0,67.33333333333333,33.0,62.333333333333336,62.0,79.33333333333333,158.0,144.33333333333334,108.0,53.333333333333336,32.0,52.333333333333336,79.0,117.33333333333333,161.66666666666666,167.66666666666666,160.0,139.0,126.0,131.0,134.0,133.66666666666666,141.66666666666666,133.66666666666666,149.0,174.0,200.0,222.66666666666666,232.66666666666666,225.66666666666666,214.66666666666666,222.33333333333334,200.33333333333334,164.33333333333334,134.33333333333334,128.33333333333334,136.33333333333334,140.0,134.0,135.33333333333334,132.33333333333334,141.66666666666666,89.66666666666667,79.66666666666667,131.66666666666666,132.66666666666666,125.66666666666667,130.33333333333334,127.33333333333333,125.66666666666667,124.33333333333333,125.66666666666667,124.33333333333333,139.66666666666666,133.66666666666666,128.66666666666666,129.66666666666666,134.66666666666666,136.66666666666666,132.66666666666666,127.66666666666667,126.66666666666667,131.66666666666666,132.66666666666666,128.66666666666666,127.66666666666667,130.66666666666666,128.66666666666666,123.66666666666667,124.66666666666667,134.66666666666666,128.66666666666666,123.66666666666667,135.0,139.0,125.66666666666667,113.66666666666667,117.66666666666667,114.66666666666667,119.33333333333333,102.33333333333333,72.33333333333333,74.33333333333333,90.0,82.0,55.333333333333336,44.333333333333336,61.333333333333336,52.333333333333336,99.33333333333333,136.33333333333334,162.0,194.0,143.0,134.0,127.66666666666667,130.66666666666666,131.66666666666666,128.66666666666666,127.66666666666667,130.66666666666666,136.66666666666666,123.66666666666667,132.66666666666666,138.66666666666666,125.66666666666667,127.66666666666667,137.66666666666666,129.66666666666666,195.0,216.0,229.0,224.0,224.0,233.66666666666666,235.0,227.0,225.0,243.0,235.0,218.0,212.0,191.0,165.0,162.0,138.0,122.0,118.0,129.0,166.0,226.0,239.0,199.0,106.33333333333333,46.333333333333336,52.0,88.0,85.66666666666667,90.66666666666667,92.33333333333333,56.333333333333336,68.33333333333333,25.0,28.666666666666668,71.0,95.0,120.66666666666667,89.66666666666667,111.66666666666667,105.0,43.0,38.0,51.0,40.0,83.0,136.0,126.0,102.0,74.0,71.0,99.0,133.0,164.0,167.0,142.66666666666666,131.0,140.0,136.0,128.0,128.0,130.66666666666666,142.66666666666666,162.66666666666666,181.0,207.0,229.0,230.0,222.66666666666666,219.66666666666666,216.66666666666666,212.66666666666666,210.33333333333334,172.33333333333334,134.33333333333334,125.33333333333333,135.33333333333334,140.33333333333334,132.0,121.0,124.33333333333333,129.33333333333334,140.66666666666666,75.66666666666667,61.666666666666664,124.66666666666667,131.66666666666666,129.0,129.33333333333334,125.33333333333333,123.33333333333333,124.33333333333333,127.33333333333333,126.33333333333333,138.66666666666666,136.66666666666666,134.66666666666666,133.66666666666666,133.66666666666666,132.66666666666666,130.66666666666666,128.66666666666666,124.66666666666667,124.66666666666667,127.66666666666667,131.66666666666666,130.66666666666666,125.66666666666667,125.66666666666667,128.66666666666666,121.66666666666667,128.66666666666666,124.66666666666667,120.66666666666667,126.0,125.0,117.66666666666667,116.66666666666667,108.66666666666667,129.66666666666666,115.33333333333333,109.33333333333333,67.33333333333333,73.33333333333333,82.0,73.0,45.666666666666664,57.666666666666664,57.666666666666664,52.666666666666664,73.66666666666667,115.66666666666667,142.66666666666666,143.66666666666666,199.0,160.0,132.0,128.0,130.0,135.0,134.0,123.0,124.66666666666667,125.66666666666667,127.66666666666667,129.66666666666666,131.66666666666666,132.66666666666666,133.66666666666666,133.66666666666666,139.66666666666666,167.66666666666666,203.66666666666666,225.66666666666666,228.66666666666666,223.33333333333334,222.66666666666666,224.66666666666666,227.0,227.33333333333334,230.33333333333334,235.33333333333334,237.33333333333334,232.33333333333334,221.33333333333334,212.33333333333334,188.33333333333334,175.33333333333334,154.33333333333334,130.33333333333334,112.33333333333333,116.33333333333333,149.33333333333334,183.33333333333334,196.33333333333334,160.33333333333334,114.0,83.0,79.0,91.0,103.66666666666667,108.66666666666667,106.66666666666667,90.66666666666667,62.0,39.666666666666664,42.0,58.666666666666664,64.66666666666667,59.666666666666664,55.666666666666664,57.666666666666664,86.66666666666667,138.66666666666666,173.66666666666666,163.66666666666666,123.66666666666667,92.66666666666667,83.66666666666667,111.66666666666667,143.66666666666666,155.66666666666666,146.66666666666666,134.66666666666666,134.66666666666666,140.66666666666666,135.0,137.0,140.66666666666666,150.66666666666666,170.66666666666666,194.66666666666666,209.66666666666666,213.0,232.0,228.0,221.66666666666666,216.66666666666666,212.66666666666666,208.66666666666666,204.66666666666666,201.66666666666666,173.66666666666666,136.66666666666666,126.33333333333333,141.33333333333334,139.33333333333334,127.33333333333333,126.0,129.0,123.33333333333333,146.33333333333334,111.0,73.0,63.0,93.0,136.0,124.0,127.33333333333333,129.33333333333334,129.33333333333334,124.33333333333333,121.33333333333333,121.33333333333333,135.66666666666666,133.66666666666666,132.66666666666666,132.66666666666666,132.66666666666666,131.66666666666666,128.66666666666666,126.66666666666667,127.66666666666667,126.66666666666667,128.66666666666666,130.66666666666666,128.66666666666666,123.66666666666667,123.66666666666667,126.66666666666667,127.66666666666667,127.66666666666667,125.66666666666667,121.66666666666667,122.0,128.0,129.66666666666666,125.66666666666667,118.66666666666667,128.66666666666666,116.33333333333333,113.33333333333333,71.33333333333333,75.33333333333333,82.0,65.0,43.666666666666664,54.666666666666664,61.666666666666664,56.666666666666664,54.666666666666664,75.66666666666667,114.66666666666667,146.66666666666666,138.0,188.0,171.0,130.0,135.0,131.0,119.0,138.0,131.66666666666666,128.66666666666666,125.66666666666667,124.66666666666667,126.66666666666667,131.66666666666666,137.66666666666666,141.66666666666666,132.66666666666666,143.66666666666666,160.66666666666666,175.33333333333334,187.33333333333334,201.33333333333334,215.33333333333334,225.33333333333334,228.66666666666666,228.33333333333334,226.33333333333334,225.33333333333334,224.33333333333334,224.33333333333334,227.33333333333334,228.33333333333334,227.33333333333334,215.33333333333334,202.33333333333334,191.33333333333334,172.33333333333334,146.33333333333334,122.33333333333333,111.33333333333333,135.33333333333334,141.33333333333334,141.0,123.0,100.0,89.0,98.66666666666667,111.66666666666667,150.66666666666666,156.66666666666666,152.0,132.66666666666666,118.0,118.66666666666667,121.66666666666667,120.66666666666667,123.66666666666667,135.0,157.66666666666666,174.0,162.66666666666666,126.0,93.66666666666667,79.0,119.66666666666667,127.0,136.66666666666666,141.0,142.66666666666666,140.0,140.66666666666666,140.0,135.0,153.0,174.66666666666666,194.66666666666666,210.66666666666666,221.66666666666666,224.0,221.0,211.0,215.0,219.66666666666666,220.66666666666666,215.66666666666666,201.66666666666666,183.66666666666666,171.33333333333334,144.66666666666666,127.66666666666667,126.33333333333333,134.33333333333334,131.33333333333334,128.33333333333334,130.0,126.0,135.33333333333334,131.33333333333334,94.0,74.0,66.0,79.0,122.0,133.0,127.33333333333333,126.33333333333333,126.33333333333333,127.33333333333333,125.33333333333333,122.33333333333333,134.66666666666666,133.66666666666666,133.66666666666666,134.66666666666666,134.66666666666666,133.66666666666666,129.66666666666666,126.66666666666667,131.66666666666666,128.66666666666666,128.66666666666666,129.66666666666666,126.66666666666667,122.66666666666667,122.66666666666667,127.66666666666667,131.66666666666666,123.66666666666667,131.66666666666666,134.66666666666666,126.0,136.0,142.66666666666666,128.66666666666666,127.66666666666667,124.66666666666667,116.33333333333333,117.33333333333333,76.33333333333333,73.33333333333333,80.0,54.0,48.0,51.0,59.666666666666664,62.666666666666664,48.666666666666664,43.666666666666664,75.66666666666667,118.66666666666667,138.66666666666666,154.66666666666666,166.0,162.0,147.0,131.0,127.0,131.0,130.0,129.0,127.0,127.0,130.66666666666666,136.66666666666666,142.66666666666666,146.66666666666666,135.33333333333334,128.33333333333334,122.33333333333333,124.33333333333333,135.33333333333334,151.66666666666666,167.66666666666666,178.33333333333334,200.66666666666666,208.66666666666666,217.66666666666666,220.66666666666666,219.66666666666666,218.66666666666666,219.66666666666666,221.66666666666666,226.66666666666666,219.66666666666666,216.66666666666666,219.66666666666666,216.66666666666666,197.66666666666666,169.66666666666666,150.66666666666666,123.33333333333333,126.33333333333333,127.66666666666667,121.66666666666667,108.0,93.0,82.0,78.0,91.66666666666667,111.66666666666667,126.0,124.66666666666667,118.66666666666667,121.0,126.0,128.0,131.0,126.66666666666667,119.0,102.66666666666667,81.0,72.66666666666667,92.0,117.66666666666667,138.0,136.66666666666666,136.0,136.66666666666666,140.0,142.66666666666666,146.0,147.66666666666666,172.0,191.0,213.0,224.0,225.33333333333334,221.33333333333334,213.33333333333334,205.33333333333334,213.33333333333334,207.33333333333334,197.33333333333334,184.33333333333334,167.66666666666666,149.66666666666666,132.66666666666666,122.66666666666667,127.66666666666667,128.0,135.66666666666666,133.66666666666666,126.33333333333333,130.33333333333334,135.0,126.0,147.33333333333334,112.33333333333333,75.0,77.0,73.66666666666667,66.66666666666667,103.66666666666667,139.66666666666666,130.33333333333334,123.33333333333333,122.33333333333333,128.33333333333334,129.33333333333334,123.33333333333333,135.66666666666666,135.66666666666666,136.66666666666666,138.66666666666666,138.66666666666666,136.66666666666666,131.66666666666666,128.66666666666666,133.66666666666666,130.66666666666666,129.66666666666666,129.66666666666666,126.66666666666667,123.66666666666667,125.66666666666667,131.66666666666666,129.66666666666666,120.66666666666667,139.66666666666666,149.66666666666666,135.0,143.0,147.66666666666666,123.66666666666667,127.66666666666667,117.66666666666667,117.33333333333333,121.33333333333333,80.33333333333333,65.33333333333333,75.0,48.0,55.0,48.0,51.666666666666664,62.666666666666664,60.666666666666664,48.666666666666664,51.666666666666664,67.66666666666667,132.66666666666666,122.66666666666667,145.0,168.0,156.0,142.0,138.0,127.0,125.0,128.0,132.0,136.0,139.66666666666666,141.66666666666666,142.66666666666666,143.33333333333334,136.33333333333334,128.33333333333334,118.33333333333333,111.66666666666667,113.66666666666667,117.66666666666667,120.66666666666667,120.66666666666667,131.33333333333334,142.66666666666666,159.66666666666666,174.66666666666666,183.66666666666666,189.66666666666666,193.66666666666666,196.66666666666666,207.66666666666666,208.66666666666666,211.66666666666666,212.66666666666666,211.66666666666666,209.66666666666666,210.66666666666666,212.66666666666666,193.33333333333334,172.33333333333334,146.66666666666666,134.66666666666666,133.0,128.0,114.0,100.0,77.66666666666667,80.66666666666667,82.0,82.66666666666667,86.66666666666667,90.0,86.0,78.0,79.66666666666667,76.0,77.66666666666667,81.0,85.66666666666667,92.0,110.66666666666667,128.0,133.66666666666666,142.0,149.66666666666666,149.0,144.66666666666666,145.0,153.66666666666666,162.0,207.0,212.0,212.0,204.0,195.33333333333334,189.33333333333334,183.33333333333334,178.33333333333334,163.33333333333334,154.33333333333334,141.33333333333334,131.33333333333334,125.66666666666667,125.66666666666667,126.66666666666667,128.66666666666666,131.0,134.0,142.66666666666666,136.66666666666666,123.33333333333333,125.33333333333333,134.0,131.0,140.33333333333334,94.33333333333333,67.0,81.0,80.66666666666667,63.666666666666664,88.66666666666667,130.66666666666666,135.33333333333334,123.33333333333333,121.66666666666667,127.33333333333333,129.66666666666666,122.33333333333333,134.66666666666666,134.66666666666666,135.66666666666666,137.66666666666666,138.66666666666666,136.66666666666666,131.66666666666666,128.66666666666666,133.66666666666666,130.66666666666666,129.66666666666666,129.66666666666666,128.66666666666666,126.66666666666667,130.66666666666666,136.66666666666666,129.66666666666666,119.66666666666667,137.66666666666666,146.66666666666666,132.0,139.0,144.66666666666666,120.66666666666667,119.66666666666667,111.66666666666667,118.33333333333333,121.33333333333333,87.33333333333333,56.333333333333336,66.0,48.0,54.0,49.666666666666664,48.666666666666664,57.666666666666664,66.33333333333333,64.33333333333333,53.333333333333336,43.333333333333336,62.0,128.0,145.0,136.0,156.66666666666666,152.66666666666666,134.66666666666666,144.66666666666666,132.0,134.0,137.0,139.0,139.66666666666666,138.66666666666666,136.33333333333334,135.33333333333334,125.33333333333333,125.66666666666667,125.66666666666667,124.66666666666667,122.66666666666667,118.0,115.0,113.66666666666667,119.33333333333333,116.33333333333333,113.33333333333333,115.33333333333333,121.33333333333333,128.33333333333334,133.33333333333334,135.33333333333334,139.33333333333334,149.33333333333334,159.33333333333334,162.33333333333334,161.33333333333334,164.33333333333334,170.33333333333334,176.33333333333334,181.66666666666666,174.33333333333334,160.66666666666666,145.66666666666666,134.0,130.0,133.0,137.0,140.0,133.0,125.66666666666667,122.0,126.66666666666667,128.0,120.0,109.33333333333333,118.0,120.33333333333333,128.33333333333334,140.33333333333334,147.33333333333334,145.33333333333334,138.33333333333334,133.33333333333334,136.33333333333334,144.33333333333334,150.33333333333334,150.33333333333334,145.33333333333334,144.33333333333334,149.33333333333334,155.33333333333334,162.0,159.0,150.0,140.33333333333334,139.0,140.33333333333334,138.66666666666666,134.33333333333334,116.66666666666667,117.33333333333333,119.0,123.66666666666667,129.0,131.66666666666666,133.0,132.66666666666666,134.0,128.0,133.33333333333334,134.33333333333334,122.66666666666667,121.33333333333333,132.0,137.0,112.33333333333333,78.33333333333333,68.0,78.66666666666667,80.0,69.0,76.0,104.0,135.66666666666666,126.66666666666667,123.33333333333333,125.66666666666667,126.33333333333333,120.66666666666667,131.66666666666666,131.66666666666666,131.66666666666666,133.66666666666666,134.66666666666666,132.66666666666666,129.66666666666666,126.66666666666667,132.66666666666666,129.66666666666666,129.66666666666666,130.66666666666666,129.66666666666666,127.66666666666667,130.66666666666666,136.66666666666666,131.66666666666666,123.66666666666667,128.66666666666666,129.66666666666666,120.0,130.0,137.66666666666666,124.66666666666667,115.66666666666667,113.66666666666667,119.33333333333333,120.33333333333333,101.33333333333333,54.333333333333336,57.0,51.0,47.666666666666664,51.666666666666664,50.666666666666664,48.666666666666664,55.333333333333336,65.33333333333333,64.33333333333333,55.333333333333336,38.0,81.0,111.0,126.0,143.66666666666666,144.66666666666666,138.66666666666666,143.66666666666666,144.0,141.0,137.0,132.0,129.66666666666666,128.66666666666666,128.33333333333334,129.33333333333334,116.66666666666667,121.66666666666667,126.66666666666667,127.0,125.0,123.0,123.0,124.0,130.66666666666666,126.33333333333333,119.33333333333333,117.33333333333333,118.33333333333333,117.33333333333333,113.33333333333333,109.33333333333333,102.33333333333333,107.33333333333333,111.33333333333333,114.33333333333333,119.33333333333333,124.33333333333333,124.33333333333333,120.33333333333333,113.66666666666667,123.33333333333333,133.66666666666666,134.66666666666666,129.0,125.0,128.0,133.0,123.0,126.0,130.66666666666666,131.0,132.66666666666666,133.0,134.0,134.66666666666666,137.33333333333334,134.33333333333334,130.33333333333334,125.33333333333333,122.33333333333333,122.33333333333333,126.33333333333333,130.33333333333334,136.33333333333334,132.33333333333334,128.33333333333334,128.33333333333334,130.33333333333334,131.33333333333334,129.33333333333334,126.33333333333333,113.0,114.33333333333333,113.0,114.0,118.0,122.0,117.66666666666667,109.66666666666667,129.66666666666666,129.66666666666666,129.0,130.0,129.0,127.0,122.0,118.66666666666667,131.33333333333334,121.0,124.33333333333333,131.33333333333334,128.66666666666666,128.66666666666666,136.0,135.0,81.33333333333333,65.33333333333333,70.66666666666667,71.66666666666667,73.0,73.0,67.0,79.0,127.33333333333333,127.33333333333333,127.33333333333333,126.33333333333333,123.33333333333333,122.33333333333333,131.66666666666666,130.66666666666666,129.66666666666666,130.66666666666666,131.66666666666666,131.66666666666666,129.66666666666666,127.66666666666667,131.66666666666666,129.66666666666666,128.66666666666666,130.66666666666666,128.66666666666666,125.66666666666667,127.66666666666667,132.66666666666666,129.66666666666666,127.66666666666667,123.66666666666667,119.66666666666667,120.0,128.0,132.66666666666666,130.66666666666666,119.66666666666667,121.66666666666667,120.33333333333333,118.33333333333333,119.33333333333333,59.333333333333336,51.0,52.0,47.666666666666664,50.666666666666664,48.666666666666664,44.666666666666664,47.666666666666664,58.666666666666664,65.33333333333333,65.33333333333333,62.0,37.0,60.0,104.0,120.66666666666667,131.66666666666666,138.66666666666666,125.66666666666667,137.0,135.0,131.0,127.0,124.66666666666667,123.66666666666667,123.33333333333333,124.33333333333333,119.66666666666667,120.66666666666667,121.0,121.0,120.0,119.0,120.0,122.0,111.66666666666667,116.33333333333333,122.33333333333333,130.33333333333334,134.33333333333334,135.33333333333334,133.33333333333334,131.33333333333334,133.33333333333334,132.33333333333334,126.33333333333333,117.33333333333333,115.33333333333333,117.33333333333333,114.33333333333333,108.66666666666667,113.0,111.66666666666667,113.66666666666667,118.66666666666667,123.0,124.0,121.0,117.0,121.0,125.0,128.66666666666666,127.0,122.0,118.66666666666667,120.66666666666667,124.0,116.33333333333333,120.66666666666667,124.66666666666667,123.66666666666667,120.66666666666667,119.66666666666667,121.66666666666667,123.66666666666667,111.66666666666667,110.66666666666667,111.66666666666667,114.66666666666667,117.66666666666667,117.66666666666667,115.66666666666667,114.33333333333333,124.0,128.0,129.0,129.0,130.0,133.0,130.66666666666666,125.66666666666667,130.66666666666666,126.66666666666667,122.33333333333333,120.33333333333333,122.66666666666667,125.66666666666667,129.66666666666666,130.66666666666666,127.33333333333333,121.66666666666667,125.33333333333333,128.33333333333334,130.66666666666666,136.66666666666666,128.0,104.0,64.33333333333333,58.333333333333336,73.66666666666667,66.66666666666667,68.0,76.0,63.333333333333336,70.66666666666667,111.33333333333333,124.33333333333333,133.33333333333334,128.33333333333334,123.33333333333333,125.33333333333333,133.66666666666666,131.66666666666666,130.66666666666666,130.66666666666666,132.66666666666666,132.66666666666666,131.66666666666666,129.66666666666666,131.66666666666666,128.66666666666666,128.66666666666666,129.66666666666666,126.66666666666667,122.66666666666667,123.66666666666667,127.66666666666667,124.66666666666667,130.66666666666666,126.66666666666667,122.66666666666667,130.0,134.0,130.66666666666666,132.66666666666666,126.66666666666667,130.0,120.0,118.33333333333333,132.0,65.66666666666667,46.333333333333336,53.0,54.666666666666664,48.333333333333336,44.333333333333336,45.333333333333336,51.333333333333336,55.333333333333336,57.666666666666664,59.333333333333336,54.666666666666664,67.0,46.666666666666664,46.0,98.33333333333333,128.66666666666666,122.33333333333333,120.66666666666667,120.66666666666667,122.66666666666667,126.0,128.0,127.66666666666667,125.66666666666667,122.33333333333333,120.33333333333333,123.66666666666667,121.66666666666667,119.66666666666667,119.0,120.0,121.0,120.0,119.66666666666667,127.33333333333333,125.66666666666667,120.66666666666667,111.66666666666667,103.66666666666667,100.66666666666667,103.66666666666667,108.66666666666667,106.66666666666667,118.66666666666667,124.66666666666667,118.66666666666667,112.66666666666667,114.66666666666667,118.66666666666667,120.33333333333333,115.66666666666667,104.0,86.0,71.0,64.0,66.0,72.0,77.0,72.0,68.0,64.66666666666667,66.33333333333333,69.0,71.33333333333333,73.33333333333333,75.33333333333333,74.66666666666667,73.0,70.0,67.66666666666667,67.33333333333333,69.33333333333333,67.33333333333333,64.33333333333333,82.33333333333333,99.33333333333333,118.33333333333333,125.33333333333333,120.66666666666667,116.66666666666667,121.66666666666667,127.66666666666667,126.0,128.0,124.66666666666667,115.66666666666667,111.66666666666667,117.66666666666667,126.0,131.0,125.0,123.66666666666667,122.66666666666667,123.33333333333333,124.66666666666667,126.66666666666667,125.66666666666667,124.66666666666667,122.33333333333333,126.66666666666667,127.66666666666667,121.66666666666667,125.33333333333333,134.33333333333334,111.0,63.333333333333336,62.0,58.0,75.66666666666667,67.0,66.0,77.0,64.33333333333333,73.66666666666667,97.0,121.66666666666667,136.66666666666666,130.66666666666666,125.33333333333333,129.33333333333334,130.66666666666666,132.66666666666666,133.66666666666666,133.66666666666666,132.66666666666666,131.66666666666666,132.66666666666666,134.66666666666666,129.66666666666666,133.66666666666666,130.66666666666666,122.66666666666667,118.66666666666667,123.66666666666667,126.66666666666667,125.66666666666667,124.33333333333333,122.33333333333333,125.33333333333333,133.33333333333334,136.33333333333334,131.33333333333334,124.33333333333333,121.33333333333333,126.33333333333333,115.33333333333333,118.33333333333333,115.33333333333333,125.33333333333333,104.33333333333333,47.333333333333336,45.333333333333336,48.333333333333336,44.666666666666664,43.333333333333336,42.666666666666664,41.333333333333336,42.666666666666664,51.333333333333336,60.666666666666664,54.333333333333336,60.666666666666664,59.333333333333336,48.666666666666664,48.333333333333336,60.666666666666664,71.33333333333333,70.33333333333333,75.33333333333333,81.33333333333333,99.66666666666667,129.0,139.0,118.0,110.33333333333333,130.33333333333334,118.66666666666667,119.66666666666667,120.66666666666667,121.33333333333333,122.33333333333333,122.33333333333333,119.0,114.0,130.33333333333334,106.33333333333333,74.33333333333333,51.333333333333336,44.333333333333336,45.333333333333336,46.333333333333336,45.333333333333336,47.333333333333336,49.333333333333336,51.333333333333336,54.333333333333336,57.333333333333336,59.333333333333336,60.333333333333336,61.666666666666664,64.33333333333333,58.666666666666664,61.666666666666664,60.666666666666664,55.333333333333336,63.333333333333336,78.33333333333333,81.66666666666667,91.66666666666667,81.66666666666667,77.0,82.0,83.0,76.66666666666667,75.66666666666667,79.33333333333333,78.33333333333333,85.33333333333333,85.66666666666667,88.0,88.33333333333333,73.0,56.0,56.333333333333336,64.0,60.333333333333336,61.666666666666664,65.66666666666667,65.0,60.666666666666664,59.0,62.0,52.666666666666664,56.666666666666664,57.333333333333336,50.333333333333336,43.333333333333336,45.333333333333336,56.0,68.0,126.66666666666667,126.66666666666667,120.66666666666667,117.0,122.66666666666667,130.66666666666666,128.0,120.33333333333333,121.66666666666667,134.33333333333334,132.33333333333334,110.33333333333333,90.0,79.0,68.0,56.0,66.66666666666667,65.66666666666667,65.66666666666667,66.33333333333333,67.33333333333333,69.33333333333333,71.33333333333333,73.0,75.33333333333333,119.0,133.0,122.0,125.33333333333333,127.33333333333333,129.66666666666666,132.66666666666666,134.66666666666666,133.66666666666666,131.66666666666666,130.66666666666666,132.66666666666666,135.66666666666666,131.66666666666666,134.66666666666666,132.66666666666666,126.66666666666667,125.66666666666667,129.66666666666666,131.66666666666666,129.66666666666666,130.33333333333334,123.33333333333333,119.33333333333333,121.33333333333333,122.33333333333333,121.33333333333333,121.33333333333333,124.33333333333333,121.33333333333333,116.33333333333333,121.33333333333333,113.33333333333333,123.33333333333333,119.33333333333333,68.33333333333333,44.0,51.333333333333336,48.333333333333336,45.333333333333336,43.333333333333336,41.333333333333336,39.333333333333336,45.333333333333336,53.333333333333336,55.333333333333336,62.333333333333336,62.333333333333336,52.333333333333336,50.333333333333336,58.333333333333336,62.333333333333336,59.333333333333336,45.666666666666664,53.333333333333336,50.333333333333336,61.0,103.0,135.0,131.33333333333334,118.33333333333333,125.66666666666667,119.66666666666667,112.33333333333333,109.33333333333333,115.0,122.0,122.0,117.0,82.66666666666667,69.66666666666667,53.666666666666664,44.666666666666664,43.666666666666664,47.666666666666664,48.666666666666664,48.666666666666664,48.666666666666664,48.666666666666664,48.666666666666664,48.666666666666664,48.666666666666664,48.666666666666664,47.666666666666664,48.0,44.0,44.666666666666664,56.0,66.0,68.66666666666667,83.66666666666667,101.33333333333333,105.33333333333333,101.66666666666667,103.66666666666667,107.0,109.0,106.0,100.0,100.33333333333333,105.33333333333333,83.33333333333333,90.66666666666667,92.0,95.66666666666667,97.0,81.66666666666667,66.0,66.33333333333333,49.0,45.333333333333336,46.0,48.666666666666664,48.666666666666664,43.666666666666664,44.0,46.666666666666664,46.666666666666664,47.666666666666664,47.333333333333336,45.333333333333336,42.666666666666664,43.666666666666664,48.666666666666664,53.666666666666664,74.0,112.66666666666667,135.0,122.0,110.0,116.0,123.66666666666667,121.33333333333333,121.0,129.0,108.0,64.0,43.666666666666664,56.666666666666664,67.66666666666667,60.666666666666664,65.66666666666667,65.66666666666667,65.33333333333333,66.33333333333333,67.33333333333333,69.33333333333333,71.33333333333333,71.66666666666667,69.66666666666667,101.66666666666667,122.66666666666667,124.0,126.0,128.33333333333334,127.66666666666667,131.66666666666666,135.66666666666666,135.66666666666666,131.66666666666666,129.66666666666666,132.66666666666666,136.66666666666666,133.66666666666666,134.66666666666666,132.66666666666666,130.66666666666666,131.66666666666666,134.66666666666666,134.66666666666666,131.66666666666666,132.33333333333334,124.33333333333333,118.33333333333333,118.33333333333333,118.33333333333333,117.33333333333333,119.33333333333333,123.33333333333333,117.33333333333333,116.33333333333333,123.33333333333333,112.33333333333333,117.33333333333333,130.33333333333334,93.33333333333333,47.0,51.333333333333336,48.333333333333336,45.333333333333336,44.333333333333336,42.333333333333336,39.333333333333336,42.333333333333336,48.333333333333336,53.333333333333336,60.333333333333336,62.333333333333336,57.333333333333336,55.333333333333336,59.333333333333336,59.333333333333336,54.333333333333336,28.666666666666668,46.333333333333336,40.333333333333336,28.0,55.0,99.0,120.33333333333333,123.33333333333333,114.66666666666667,116.66666666666667,117.33333333333333,119.33333333333333,122.0,117.0,99.0,80.0,46.666666666666664,45.666666666666664,44.666666666666664,46.666666666666664,50.666666666666664,52.666666666666664,53.666666666666664,52.666666666666664,52.666666666666664,51.666666666666664,50.666666666666664,49.666666666666664,47.666666666666664,46.666666666666664,45.666666666666664,45.0,46.0,46.666666666666664,58.0,65.0,62.666666666666664,69.66666666666667,80.33333333333333,79.33333333333333,72.66666666666667,86.66666666666667,98.0,96.0,89.0,86.0,87.33333333333333,89.33333333333333,81.33333333333333,87.66666666666667,89.0,91.66666666666667,93.0,76.66666666666667,60.0,61.333333333333336,49.0,46.333333333333336,47.0,48.666666666666664,48.666666666666664,44.666666666666664,45.0,46.666666666666664,46.666666666666664,45.666666666666664,45.333333333333336,46.333333333333336,48.666666666666664,48.666666666666664,47.666666666666664,46.666666666666664,35.0,79.66666666666667,121.0,127.0,115.0,111.0,118.66666666666667,126.33333333333333,128.0,99.0,57.0,32.0,39.666666666666664,59.666666666666664,64.66666666666667,56.666666666666664,64.66666666666667,64.66666666666667,65.33333333333333,66.33333333333333,67.33333333333333,69.33333333333333,70.33333333333333,70.66666666666667,67.66666666666667,80.66666666666667,108.66666666666667,127.0,126.0,125.33333333333333,125.66666666666667,131.66666666666666,136.66666666666666,136.66666666666666,131.66666666666666,129.66666666666666,132.66666666666666,136.66666666666666,135.66666666666666,133.66666666666666,132.66666666666666,131.66666666666666,132.66666666666666,133.66666666666666,131.66666666666666,128.66666666666666,126.33333333333333,124.33333333333333,125.33333333333333,129.33333333333334,129.33333333333334,124.33333333333333,122.33333333333333,122.33333333333333,122.33333333333333,116.33333333333333,122.33333333333333,116.33333333333333,113.33333333333333,127.33333333333333,108.33333333333333,63.0,50.333333333333336,47.333333333333336,46.333333333333336,47.333333333333336,45.333333333333336,43.333333333333336,44.333333333333336,48.333333333333336,48.333333333333336,54.333333333333336,58.333333333333336,57.333333333333336,59.333333333333336,63.333333333333336,63.333333333333336,59.333333333333336,41.666666666666664,51.333333333333336,48.333333333333336,37.0,36.0,47.0,81.33333333333333,124.33333333333333,109.66666666666667,118.66666666666667,124.33333333333333,120.33333333333333,111.0,92.0,63.0,37.0,42.666666666666664,45.666666666666664,49.666666666666664,51.666666666666664,51.666666666666664,50.666666666666664,49.666666666666664,48.666666666666664,50.666666666666664,49.666666666666664,49.666666666666664,48.666666666666664,48.666666666666664,48.666666666666664,48.666666666666664,49.0,46.0,49.666666666666664,64.0,75.0,75.66666666666667,84.66666666666667,97.33333333333333,97.33333333333333,66.66666666666667,83.66666666666667,94.0,89.0,82.0,84.0,84.33333333333333,82.33333333333333,81.33333333333333,87.66666666666667,87.0,87.66666666666667,87.0,69.66666666666667,52.0,52.333333333333336,56.0,52.333333333333336,52.0,53.666666666666664,53.666666666666664,49.666666666666664,51.0,53.666666666666664,46.666666666666664,46.666666666666664,47.333333333333336,48.333333333333336,48.666666666666664,48.666666666666664,47.666666666666664,46.666666666666664,40.0,44.666666666666664,74.0,114.0,131.0,119.0,115.66666666666667,126.33333333333333,102.0,54.0,28.0,48.0,68.66666666666667,61.666666666666664,53.666666666666664,59.666666666666664,63.666666666666664,63.666666666666664,65.33333333333333,65.33333333333333,67.33333333333333,68.33333333333333,69.33333333333333,69.66666666666667,71.66666666666667,66.66666666666667,97.66666666666667,128.0,125.0,119.33333333333333,125.66666666666667,130.66666666666666,135.66666666666666,136.66666666666666,132.66666666666666,131.66666666666666,132.66666666666666,136.66666666666666,134.66666666666666,132.66666666666666,130.66666666666666,129.66666666666666,129.66666666666666,126.66666666666667,124.66666666666667,123.66666666666667,123.33333333333333,124.33333333333333,129.33333333333334,136.33333333333334,136.33333333333334,130.33333333333334,126.33333333333333,127.33333333333333,135.33333333333334,123.33333333333333,122.33333333333333,125.33333333333333,116.33333333333333,117.33333333333333,114.33333333333333,88.0,56.333333333333336,52.333333333333336,50.333333333333336,50.333333333333336,49.333333333333336,45.333333333333336,44.333333333333336,47.333333333333336,44.333333333333336,48.333333333333336,51.333333333333336,52.333333333333336,57.333333333333336,62.333333333333336,63.333333333333336,61.333333333333336,61.666666666666664,49.333333333333336,37.333333333333336,39.0,44.0,41.0,59.333333333333336,96.33333333333333,118.66666666666667,121.66666666666667,113.33333333333333,89.33333333333333,69.0,57.0,47.0,36.0,45.0,46.0,46.0,43.0,40.0,38.0,39.0,41.0,43.0,42.0,42.0,41.0,42.0,43.0,44.0,45.666666666666664,43.0,45.666666666666664,59.0,71.0,72.66666666666667,84.66666666666667,98.33333333333333,100.33333333333333,96.66666666666667,106.66666666666667,110.0,104.0,103.0,107.0,105.33333333333333,99.33333333333333,98.33333333333333,103.66666666666667,102.0,101.66666666666667,101.0,85.66666666666667,70.0,71.33333333333333,47.0,43.333333333333336,43.0,43.666666666666664,43.666666666666664,40.666666666666664,42.0,44.666666666666664,40.666666666666664,42.666666666666664,44.333333333333336,42.333333333333336,38.666666666666664,37.666666666666664,41.666666666666664,44.666666666666664,52.0,33.666666666666664,38.0,78.0,117.0,124.0,112.66666666666667,104.33333333333333,49.0,35.0,42.0,68.0,67.66666666666667,43.666666666666664,45.666666666666664,69.66666666666667,61.666666666666664,62.666666666666664,64.33333333333333,65.33333333333333,67.33333333333333,67.33333333333333,68.33333333333333,67.66666666666667,73.66666666666667,59.666666666666664,86.66666666666667,125.0,126.0,117.33333333333333,126.66666666666667,129.66666666666666,133.66666666666666,135.66666666666666,134.66666666666666,134.66666666666666,133.66666666666666,133.66666666666666,132.66666666666666,130.66666666666666,129.66666666666666,128.66666666666666,124.66666666666667,119.66666666666667,119.66666666666667,123.66666666666667,126.33333333333333,125.33333333333333,127.33333333333333,130.33333333333334,130.33333333333334,127.33333333333333,129.33333333333334,134.33333333333334,145.33333333333334,135.33333333333334,124.33333333333333,133.33333333333334,126.33333333333333,112.33333333333333,116.33333333333333,107.0,67.33333333333333,61.333333333333336,55.333333333333336,53.333333333333336,50.333333333333336,45.333333333333336,42.333333333333336,43.333333333333336,44.333333333333336,44.333333333333336,45.333333333333336,48.333333333333336,52.333333333333336,56.333333333333336,57.333333333333336,56.333333333333336,66.66666666666667,64.33333333333333,50.333333333333336,40.0,45.0,50.0,56.333333333333336,70.33333333333333,111.66666666666667,113.66666666666667,98.33333333333333,65.33333333333333,43.0,41.0,45.0,44.0,42.0,41.0,39.0,36.0,34.0,35.0,38.0,41.0,42.0,40.0,39.0,37.0,37.0,37.0,38.0,39.666666666666664,41.0,40.666666666666664,48.0,52.0,46.666666666666664,51.666666666666664,60.333333333333336,60.333333333333336,59.666666666666664,60.666666666666664,58.0,56.0,58.0,61.0,57.333333333333336,51.333333333333336,57.333333333333336,61.666666666666664,59.0,59.666666666666664,62.0,50.666666666666664,40.0,43.333333333333336,41.0,36.333333333333336,36.0,36.666666666666664,36.666666666666664,33.666666666666664,35.0,38.666666666666664,39.666666666666664,41.666666666666664,41.333333333333336,38.333333333333336,34.666666666666664,33.666666666666664,38.666666666666664,43.666666666666664,44.0,43.666666666666664,36.0,42.0,82.0,120.0,109.66666666666667,74.33333333333333,34.0,46.0,57.0,57.0,51.666666666666664,50.666666666666664,57.666666666666664,65.66666666666667,60.666666666666664,61.666666666666664,63.333333333333336,65.33333333333333,66.33333333333333,67.33333333333333,67.33333333333333,66.66666666666667,70.66666666666667,57.666666666666664,76.66666666666667,116.0,129.0,121.33333333333333
